1600
12
0
1
2
3
4
5
6
7
8
9
10
11
12
13
14
15
16
17
18
19
20
21
22
23
24
25
26
27
28
29
30
31
32
33
34
35
36
37
38
39
40
41
42
43
44
45
46
47
48
49
50
51
52
53
54
55
56
57
58
59
60
61
62
63
64
65
66
67
68
69
70
71
72
73
74
75
76
77
78
79
80
81
82
83
84
85
86
87
88
89
90
91
92
93
94
95
96
97
98
99
100
101
102
103
104
105
106
107
108
109
110
111
112
113
114
115
116
117
118
119
120
121
122
123
124
125
126
127
128
129
130
131
132
133
134
135
136
137
138
139
140
141
142
143
144
145
146
147
148
149
150
151
152
153
154
155
156
157
158
159
160
161
162
163
164
165
166
167
168
169
170
171
172
173
174
175
176
177
178
179
180
181
182
183
184
185
186
187
188
189
190
191
192
193
194
195
196
197
198
199
200
201
202
203
204
205
206
207
208
209
210
211
212
213
214
215
216
217
218
219
220
221
222
223
224
225
226
227
228
229
230
231
232
233
234
235
236
237
238
239
240
241
242
243
244
245
246
247
248
249
250
251
252
253
254
255
256
257
258
259
260
261
262
263
264
265
266
267
268
269
270
271
272
273
274
275
276
277
278
279
280
281
282
283
284
285
286
287
288
289
290
291
292
293
294
295
296
297
298
299
300
301
302
303
304
305
306
307
308
309
310
311
312
313
314
315
316
317
318
319
320
321
322
323
324
325
326
327
328
329
330
331
332
333
334
335
336
337
338
339
340
341
342
343
344
345
346
347
348
349
350
351
352
353
354
355
356
357
358
359
360
361
362
363
364
365
366
367
368
369
370
371
372
373
374
375
376
377
378
379
380
381
382
383
384
385
386
387
388
389
390
391
392
393
394
395
396
397
398
399
400
401
402
403
404
405
406
407
408
409
410
411
412
413
414
415
416
417
418
419
420
421
422
423
424
425
426
427
428
429
430
431
432
433
434
435
436
437
438
439
440
441
442
443
444
445
446
447
448
449
450
451
452
453
454
455
456
457
458
459
460
461
462
463
464
465
466
467
468
469
470
471
472
473
474
475
476
477
478
479
480
481
482
483
484
485
486
487
488
489
490
491
492
493
494
495
496
497
498
499
500
501
502
503
504
505
506
507
508
509
510
511
512
513
514
515
516
517
518
519
520
521
522
523
524
525
526
527
528
529
530
531
532
533
534
535
536
537
538
539
540
541
542
543
544
545
546
547
548
549
550
551
552
553
554
555
556
557
558
559
560
561
562
563
564
565
566
567
568
569
570
571
572
573
574
575
576
577
578
579
580
581
582
583
584
585
586
587
588
589
590
591
592
593
594
595
596
597
598
599
600
601
602
603
604
605
606
607
608
609
610
611
612
613
614
615
616
617
618
619
620
621
622
623
624
625
626
627
628
629
630
631
632
633
634
635
636
637
638
639
640
641
642
643
644
645
646
647
648
649
650
651
652
653
654
655
656
657
658
659
660
661
662
663
664
665
666
667
668
669
670
671
672
673
674
675
676
677
678
679
680
681
682
683
684
685
686
687
688
689
690
691
692
693
694
695
696
697
698
699
700
701
702
703
704
705
706
707
708
709
710
711
712
713
714
715
716
717
718
719
720
721
722
723
724
725
726
727
728
729
730
731
732
733
734
735
736
737
738
739
740
741
742
743
744
745
746
747
748
749
750
751
752
753
754
755
756
757
758
759
760
761
762
763
764
765
766
767
768
769
770
771
772
773
774
775
776
777
778
779
780
781
782
783
784
785
786
787
788
789
790
791
792
793
794
795
796
797
798
799
800
801
802
803
804
805
806
807
808
809
810
811
812
813
814
815
816
817
818
819
820
821
822
823
824
825
826
827
828
829
830
831
832
833
834
835
836
837
838
839
840
841
842
843
844
845
846
847
848
849
850
851
852
853
854
855
856
857
858
859
860
861
862
863
864
865
866
867
868
869
870
871
872
873
874
875
876
877
878
879
880
881
882
883
884
885
886
887
888
889
890
891
892
893
894
895
896
897
898
899
900
901
902
903
904
905
906
907
908
909
910
911
912
913
914
915
916
917
918
919
920
921
922
923
924
925
926
927
928
929
930
931
932
933
934
935
936
937
938
939
940
941
942
943
944
945
946
947
948
949
950
951
952
953
954
955
956
957
958
959
960
961
962
963
964
965
966
967
968
969
970
971
972
973
974
975
976
977
978
979
980
981
982
983
984
985
986
987
988
989
990
991
992
993
994
995
996
997
998
999
1000
1001
1002
1003
1004
1005
1006
1007
1008
1009
1010
1011
1012
1013
1014
1015
1016
1017
1018
1019
1020
1021
1022
1023
1024
1025
1026
1027
1028
1029
1030
1031
1032
1033
1034
1035
1036
1037
1038
1039
1040
1041
1042
1043
1044
1045
1046
1047
1048
1049
1050
1051
1052
1053
1054
1055
1056
1057
1058
1059
1060
1061
1062
1063
1064
1065
1066
1067
1068
1069
1070
1071
1072
1073
1074
1075
1076
1077
1078
1079
1080
1081
1082
1083
1084
1085
1086
1087
1088
1089
1090
1091
1092
1093
1094
1095
1096
1097
1098
1099
1100
1101
1102
1103
1104
1105
1106
1107
1108
1109
1110
1111
1112
1113
1114
1115
1116
1117
1118
1119
1120
1121
1122
1123
1124
1125
1126
1127
1128
1129
1130
1131
1132
1133
1134
1135
1136
1137
1138
1139
1140
1141
1142
1143
1144
1145
1146
1147
1148
1149
1150
1151
1152
1153
1154
1155
1156
1157
1158
1159
1160
1161
1162
1163
1164
1165
1166
1167
1168
1169
1170
1171
1172
1173
1174
1175
1176
1177
1178
1179
1180
1181
1182
1183
1184
1185
1186
1187
1188
1189
1190
1191
1192
1193
1194
1195
1196
1197
1198
1199
1200
1201
1202
1203
1204
1205
1206
1207
1208
1209
1210
1211
1212
1213
1214
1215
1216
1217
1218
1219
1220
1221
1222
1223
1224
1225
1226
1227
1228
1229
1230
1231
1232
1233
1234
1235
1236
1237
1238
1239
1240
1241
1242
1243
1244
1245
1246
1247
1248
1249
1250
1251
1252
1253
1254
1255
1256
1257
1258
1259
1260
1261
1262
1263
1264
1265
1266
1267
1268
1269
1270
1271
1272
1273
1274
1275
1276
1277
1278
1279
1280
1281
1282
1283
1284
1285
1286
1287
1288
1289
1290
1291
1292
1293
1294
1295
1296
1297
1298
1299
1300
1301
1302
1303
1304
1305
1306
1307
1308
1309
1310
1311
1312
1313
1314
1315
1316
1317
1318
1319
1320
1321
1322
1323
1324
1325
1326
1327
1328
1329
1330
1331
1332
1333
1334
1335
1336
1337
1338
1339
1340
1341
1342
1343
1344
1345
1346
1347
1348
1349
1350
1351
1352
1353
1354
1355
1356
1357
1358
1359
1360
1361
1362
1363
1364
1365
1366
1367
1368
1369
1370
1371
1372
1373
1374
1375
1376
1377
1378
1379
1380
1381
1382
1383
1384
1385
1386
1387
1388
1389
1390
1391
1392
1393
1394
1395
1396
1397
1398
1399
1400
1401
1402
1403
1404
1405
1406
1407
1408
1409
1410
1411
1412
1413
1414
1415
1416
1417
1418
1419
1420
1421
1422
1423
1424
1425
1426
1427
1428
1429
1430
1431
1432
1433
1434
1435
1436
1437
1438
1439
1440
1441
1442
1443
1444
1445
1446
1447
1448
1449
1450
1451
1452
1453
1454
1455
1456
1457
1458
1459
1460
1461
1462
1463
1464
1465
1466
1467
1468
1469
1470
1471
1472
1473
1474
1475
1476
1477
1478
1479
1480
1481
1482
1483
1484
1485
1486
1487
1488
1489
1490
1491
1492
1493
1494
1495
1496
1497
1498
1499
1500
1501
1502
1503
1504
1505
1506
1507
1508
1509
1510
1511
1512
1513
1514
1515
1516
1517
1518
1519
1520
1521
1522
1523
1524
1525
1526
1527
1528
1529
1530
1531
1532
1533
1534
1535
1536
1537
1538
1539
1540
1541
1542
1543
1544
1545
1546
1547
1548
1549
1550
1551
1552
1553
1554
1555
1556
1557
1558
1559
1560
1561
1562
1563
1564
1565
1566
1567
1568
1569
1570
1571
1572
1573
1574
1575
1576
1577
1578
1579
1580
1581
1582
1583
1584
1585
1586
1587
1588
1589
1590
1591
1592
1593
1594
1595
1596
1597
1598
1599
0 1444 [1]
0 516 [3]
0 790 [8]
0 1222 [7]
0 824 [8]
0 215 [3]
0 95 [3]
1 241 [3]
1 1389 [1]
1 860 [8]
1 541 [8]
1 1341 [7]
2 938 [1]
2 1344 [1]
2 624 [8]
3 965 [1]
3 1522 [6]
3 1186 [7]
3 635 [8]
4 1101 [1]
4 302 [3]
4 241 [3]
4 1563 [6]
5 1354 [1]
5 1322 [7]
5 1312 [7]
5 113 [3]
6 973 [1]
6 1081 [1]
6 1343 [1]
6 1141 [7]
6 577 [8]
6 1133 [7]
7 1079 [0]
7 227 [3]
7 768 [8]
7 107 [3]
7 183 [3]
7 1484 [6]
7 722 [8]
8 38 [10]
8 705 [8]
8 1062 [0]
9 842 [1]
9 1387 [6]
9 403 [4]
9 476 [8]
9 598 [8]
9 791 [8]
10 613 [8]
10 946 [1]
10 961 [1]
10 116 [1]
10 1523 [6]
10 1082 [0]
10 1119 [7]
10 874 [1]
11 497 [8]
11 385 [1]
11 1413 [6]
11 609 [8]
11 861 [1]
11 1567 [11]
11 417 [1]
11 24 [2]
11 775 [8]
12 262 [4]
12 1459 [6]
12 1008 [0]
12 279 [8]
12 380 [1]
13 1165 [7]
13 220 [3]
14 1336 [6]
14 114 [1]
14 529 [8]
15 19 [1]
15 1455 [0]
15 679 [9]
15 612 [9]
15 321 [5]
15 1235 [7]
15 712 [8]
15 1274 [5]
16 1165 [8]
16 208 [7]
16 146 [2]
16 587 [5]
16 177 [10]
17 1327 [4]
18 1486 [11]
18 507 [5]
18 1056 [0]
18 528 [6]
18 613 [11]
18 1251 [9]
18 394 [0]
19 1189 [5]
19 1522 [1]
20 1571 [3]
20 1456 [0]
20 1500 [7]
21 678 [2]
21 33 [3]
21 561 [11]
21 335 [9]
22 626 [1]
22 145 [7]
22 651 [9]
22 1078 [4]
23 1055 [10]
23 992 [4]
23 82 [8]
23 771 [10]
24 943 [0]
24 227 [8]
24 291 [7]
24 653 [5]
24 1482 [0]
24 1274 [0]
25 776 [11]
25 1199 [0]
26 48 [4]
26 867 [2]
26 60 [4]
26 246 [1]
27 600 [8]
27 273 [7]
27 1124 [2]
27 868 [8]
27 456 [0]
27 518 [6]
27 83 [3]
28 1441 [5]
28 804 [6]
28 1442 [5]
28 314 [10]
29 1258 [1]
29 499 [4]
29 858 [10]
29 614 [0]
29 1529 [10]
30 701 [3]
30 502 [11]
30 278 [10]
30 461 [2]
30 262 [3]
31 1256 [6]
31 1393 [3]
31 788 [7]
32 1051 [0]
32 594 [7]
32 1119 [1]
33 340 [9]
33 476 [9]
33 1142 [3]
33 1303 [4]
33 907 [9]
33 1427 [3]
34 64 [11]
34 1310 [2]
34 1550 [9]
34 1351 [9]
34 249 [7]
34 1375 [1]
34 1041 [5]
35 332 [7]
35 140 [1]
35 565 [11]
35 1389 [4]
36 1463 [5]
36 510 [7]
36 1193 [1]
36 866 [5]
36 618 [2]
36 1217 [0]
37 1487 [8]
37 743 [5]
37 887 [2]
37 178 [7]
37 1514 [0]
38 268 [6]
38 1201 [2]
38 1150 [5]
38 138 [10]
38 175 [7]
38 879 [7]
38 42 [1]
39 291 [10]
39 1338 [3]
39 78 [6]
39 1062 [3]
40 834 [10]
40 1299 [4]
40 882 [2]
42 132 [2]
42 1101 [7]
42 1259 [4]
42 1291 [3]
42 1410 [7]
42 1451 [10]
42 52 [10]
43 400 [4]
43 944 [6]
43 915 [6]
43 934 [11]
44 1446 [10]
44 281 [0]
44 1032 [0]
44 968 [5]
44 538 [8]
45 1169 [4]
45 1018 [3]
45 131 [6]
45 367 [10]
45 1166 [11]
45 1070 [8]
45 901 [6]
46 422 [1]
46 1501 [11]
46 1212 [3]
46 315 [10]
46 890 [0]
47 1202 [11]
47 286 [0]
47 150 [1]
47 261 [2]
47 839 [9]
47 720 [0]
48 1479 [5]
48 935 [0]
48 913 [7]
48 1199 [3]
49 948 [11]
49 1125 [10]
49 452 [8]
49 1336 [7]
49 541 [4]
49 62 [10]
49 543 [6]
49 1498 [0]
50 444 [8]
50 1476 [6]
50 327 [7]
50 1482 [8]
51 548 [6]
51 961 [4]
52 720 [1]
52 1517 [9]
52 408 [10]
52 580 [11]
52 868 [1]
52 431 [6]
53 1524 [11]
53 901 [4]
54 1576 [5]
54 523 [7]
54 1332 [4]
54 489 [11]
54 1411 [2]
55 1576 [9]
55 1500 [5]
55 271 [0]
55 600 [0]
56 772 [2]
56 458 [7]
56 837 [10]
56 1009 [11]
56 346 [5]
57 412 [2]
57 682 [4]
57 1453 [4]
57 439 [7]
57 1479 [4]
57 1235 [11]
57 319 [7]
57 650 [3]
58 1259 [6]
58 546 [4]
58 1438 [7]
59 1462 [3]
59 931 [7]
59 1065 [6]
59 1394 [8]
59 644 [0]
59 1252 [9]
59 607 [3]
59 799 [11]
60 1002 [11]
60 1272 [5]
60 357 [5]
60 1271 [9]
60 99 [2]
60 93 [7]
61 96 [8]
61 1568 [11]
61 245 [4]
61 1184 [10]
62 547 [5]
62 500 [10]
62 937 [8]
62 318 [6]
62 1245 [10]
63 971 [8]
63 784 [1]
63 637 [7]
63 837 [7]
63 316 [9]
63 1323 [11]
64 989 [11]
65 1395 [5]
65 402 [5]
65 1506 [9]
65 146 [1]
65 1177 [9]
65 689 [6]
66 590 [1]
66 1387 [9]
66 797 [10]
66 397 [2]
66 333 [8]
66 1425 [8]
66 1121 [8]
66 750 [8]
66 1282 [11]
66 747 [8]
66 1506 [5]
67 474 [0]
67 1478 [7]
67 327 [9]
67 919 [10]
68 144 [10]
68 572 [4]
68 1046 [2]
68 1558 [5]
68 974 [7]
68 164 [10]
68 923 [11]
69 745 [7]
69 728 [2]
69 566 [9]
69 573 [9]
69 607 [9]
70 537 [2]
70 392 [3]
70 1425 [5]
70 118 [5]
71 1254 [9]
71 528 [8]
71 631 [10]
71 1131 [7]
71 660 [6]
71 518 [2]
72 350 [1]
72 322 [9]
72 1413 [5]
72 758 [3]
72 196 [11]
72 348 [1]
72 1236 [11]
72 1541 [5]
72 904 [6]
73 794 [9]
73 660 [9]
73 1253 [8]
73 74 [2]
74 592 [5]
74 1452 [9]
74 1413 [11]
74 735 [11]
75 686 [6]
75 384 [7]
75 787 [4]
75 938 [11]
76 95 [2]
76 1061 [11]
76 582 [10]
77 792 [1]
77 369 [5]
78 596 [5]
78 1379 [10]
78 584 [5]
78 1330 [11]
79 751 [11]
79 931 [6]
79 241 [4]
79 953 [0]
79 842 [7]
79 1092 [7]
80 570 [9]
80 959 [5]
80 1047 [7]
80 359 [9]
80 795 [6]
80 1491 [7]
80 663 [2]
80 1540 [9]
80 205 [9]
80 1000 [2]
81 1065 [1]
81 786 [2]
81 1222 [2]
82 621 [9]
82 692 [4]
83 559 [5]
83 449 [2]
83 863 [10]
83 261 [8]
83 547 [0]
84 1447 [6]
84 330 [6]
84 944 [4]
85 907 [11]
85 293 [2]
85 396 [6]
85 192 [0]
85 712 [11]
85 553 [5]
86 1239 [11]
86 1261 [6]
86 1585 [6]
87 325 [6]
87 602 [0]
87 426 [5]
87 674 [3]
87 1224 [9]
87 965 [0]
87 135 [9]
87 274 [2]
87 879 [4]
88 763 [4]
88 455 [0]
89 1488 [5]
89 301 [2]
89 157 [3]
89 170 [7]
90 1292 [8]
90 758 [5]
90 570 [7]
90 147 [4]
91 1491 [11]
91 1219 [0]
91 1584 [7]
91 813 [0]
92 135 [10]
92 1425 [0]
92 343 [8]
92 1103 [6]
92 1026 [8]
92 1194 [5]
92 955 [1]
92 696 [7]
92 944 [9]
93 187 [9]
93 475 [0]
93 1352 [5]
93 308 [11]
93 1479 [4]
93 929 [6]
93 1252 [2]
94 348 [9]
94 892 [6]
94 1199 [3]
94 674 [7]
94 1562 [3]
95 1209 [2]
95 273 [4]
95 1454 [2]
95 1492 [5]
96 135 [5]
96 759 [10]
97 1357 [5]
97 1317 [2]
97 562 [8]
97 849 [4]
98 1047 [0]
98 465 [0]
99 1187 [3]
99 586 [5]
99 328 [1]
99 1041 [3]
99 764 [10]
100 1250 [7]
100 201 [9]
100 249 [4]
100 888 [10]
100 286 [0]
101 321 [3]
101 1164 [10]
101 922 [1]
101 1368 [3]
101 274 [6]
101 1011 [7]
101 435 [8]
101 1373 [7]
101 1588 [7]
102 766 [0]
102 387 [9]
102 798 [1]
102 1397 [8]
102 277 [3]
103 1215 [5]
103 1044 [11]
104 1224 [9]
104 1095 [1]
104 215 [8]
104 1363 [10]
104 552 [1]
104 514 [9]
104 1552 [4]
105 618 [0]
105 763 [9]
106 1094 [3]
106 1229 [5]
106 1030 [3]
106 640 [0]
106 111 [3]
107 721 [6]
107 1025 [11]
107 397 [7]
108 600 [10]
108 953 [10]
109 1017 [11]
109 565 [8]
109 812 [3]
110 658 [5]
110 455 [0]
110 289 [11]
111 1405 [0]
111 680 [1]
111 248 [5]
112 1388 [9]
112 600 [10]
112 520 [2]
113 1476 [10]
113 211 [9]
113 351 [8]
113 278 [6]
113 1352 [0]
113 1446 [2]
113 1168 [0]
113 1497 [7]
113 1113 [3]
113 815 [6]
114 1277 [1]
114 1007 [2]
114 1030 [5]
115 159 [4]
115 525 [1]
115 773 [1]
115 1341 [7]
116 687 [8]
117 1541 [5]
117 1259 [1]
117 1273 [1]
118 1433 [9]
118 978 [3]
118 865 [2]
118 1380 [1]
118 225 [10]
118 1540 [0]
119 218 [1]
119 807 [9]
119 224 [2]
119 547 [0]
119 1356 [7]
119 636 [7]
120 1018 [9]
120 245 [7]
120 1481 [0]
120 1506 [11]
121 1130 [7]
121 1513 [6]
121 606 [3]
121 672 [1]
121 968 [11]
121 202 [11]
121 1094 [2]
121 938 [3]
122 697 [6]
122 1351 [10]
123 697 [6]
123 528 [10]
123 635 [7]
123 1384 [6]
123 285 [11]
123 718 [1]
123 952 [7]
124 400 [0]
124 1036 [2]
124 805 [4]
124 125 [3]
124 743 [10]
124 1168 [1]
125 1497 [8]
125 1253 [5]
125 152 [7]
125 1577 [9]
126 418 [2]
126 1040 [4]
126 626 [3]
126 454 [8]
126 1102 [6]
126 603 [8]
127 1383 [7]
127 295 [1]
127 1103 [9]
127 1314 [9]
128 1595 [7]
128 798 [11]
128 136 [0]
128 1390 [1]
128 997 [8]
128 1087 [2]
128 844 [10]
129 563 [8]
129 533 [5]
129 1295 [1]
129 1221 [4]
129 1001 [4]
129 387 [9]
129 1366 [10]
130 1275 [7]
130 1112 [11]
130 530 [0]
130 1265 [5]
131 630 [2]
131 848 [5]
131 687 [4]
131 285 [8]
131 804 [7]
132 1592 [8]
132 1542 [2]
132 990 [0]
132 1205 [1]
132 184 [5]
132 158 [6]
132 1229 [4]
133 256 [8]
133 906 [8]
133 282 [8]
133 515 [10]
133 1414 [9]
134 850 [1]
134 742 [9]
134 947 [4]
134 327 [9]
134 1436 [11]
134 632 [2]
134 1340 [9]
134 644 [1]
135 736 [4]
135 734 [7]
135 684 [2]
135 652 [3]
135 940 [6]
136 315 [9]
136 501 [5]
136 375 [4]
136 1568 [7]
136 717 [6]
136 444 [7]
137 927 [2]
137 147 [11]
137 1122 [10]
137 970 [6]
137 1219 [5]
137 781 [11]
138 399 [8]
138 651 [1]
138 867 [7]
138 452 [8]
139 877 [9]
139 1030 [4]
140 1239 [4]
140 692 [11]
140 796 [2]
140 1076 [8]
140 271 [8]
141 1166 [8]
141 1370 [9]
141 592 [9]
141 715 [0]
141 662 [5]
142 449 [2]
142 622 [9]
142 1535 [9]
142 875 [3]
142 333 [5]
143 1259 [5]
143 1413 [9]
143 246 [1]
144 1143 [10]
144 374 [10]
145 1443 [6]
145 1483 [6]
145 364 [10]
146 654 [8]
146 1506 [9]
146 1064 [9]
147 1225 [8]
147 461 [11]
147 709 [0]
147 774 [4]
148 845 [9]
148 653 [11]
148 1162 [9]
148 648 [10]
148 771 [2]
148 1062 [4]
148 373 [7]
149 1523 [6]
149 616 [7]
149 765 [0]
149 303 [6]
149 847 [1]
149 1154 [9]
149 891 [7]
150 1291 [3]
150 218 [4]
150 1134 [0]
151 888 [1]
151 1068 [6]
151 631 [2]
151 976 [4]
151 380 [6]
151 821 [5]
151 651 [0]
152 1289 [2]
152 1480 [8]
152 1223 [6]
152 406 [4]
153 899 [0]
153 1512 [11]
153 1304 [0]
153 1551 [10]
154 1464 [9]
154 1331 [9]
155 1043 [2]
155 1411 [2]
155 161 [6]
156 239 [1]
156 386 [10]
156 1312 [2]
156 171 [10]
157 1532 [9]
157 982 [10]
157 661 [11]
157 1346 [5]
157 650 [1]
158 1293 [10]
158 1465 [3]
158 1092 [2]
158 655 [9]
158 1086 [6]
158 296 [2]
159 1256 [3]
159 616 [7]
159 292 [1]
159 697 [3]
160 1346 [6]
160 1299 [8]
160 370 [11]
160 952 [3]
160 979 [10]
161 1485 [0]
162 1078 [11]
162 286 [4]
162 847 [10]
162 1238 [4]
162 928 [6]
163 1118 [7]
163 988 [10]
164 971 [6]
164 973 [9]
164 369 [4]
164 943 [0]
164 658 [10]
164 953 [5]
164 1484 [11]
164 551 [10]
164 345 [7]
164 861 [2]
164 525 [9]
165 1292 [8]
165 1417 [5]
165 1010 [9]
165 204 [6]
166 1244 [8]
166 269 [8]
166 1220 [3]
166 759 [9]
166 1444 [6]
167 1462 [2]
167 1393 [0]
167 430 [10]
167 182 [6]
167 764 [7]
167 219 [9]
168 708 [10]
168 545 [5]
168 871 [10]
168 1438 [2]
168 229 [6]
169 1041 [1]
169 862 [1]
169 305 [11]
169 703 [3]
170 384 [0]
170 474 [6]
170 577 [2]
170 1578 [6]
171 623 [0]
171 1487 [4]
171 515 [11]
171 1046 [1]
171 603 [4]
171 1083 [9]
172 1014 [8]
172 1254 [4]
172 334 [7]
172 649 [5]
173 1346 [0]
173 1460 [11]
173 1599 [3]
173 1479 [5]
173 525 [2]
173 870 [1]
174 379 [1]
174 1543 [3]
174 816 [6]
174 223 [2]
175 680 [4]
175 1165 [2]
175 1548 [8]
175 1575 [6]
175 408 [0]
175 860 [2]
176 777 [2]
176 567 [5]
176 1389 [2]
176 796 [4]
177 705 [6]
177 964 [7]
177 1167 [6]
177 455 [1]
177 677 [4]
177 1558 [9]
178 1416 [0]
178 882 [1]
178 1030 [6]
178 1387 [2]
179 1230 [7]
179 1032 [7]
179 854 [10]
179 1034 [1]
179 1390 [0]
179 730 [9]
179 829 [4]
179 264 [4]
181 1077 [11]
181 1576 [1]
181 763 [5]
181 655 [2]
182 357 [9]
182 386 [3]
182 633 [0]
182 1164 [7]
182 553 [3]
182 1456 [2]
183 585 [1]
183 1026 [8]
183 381 [6]
183 1477 [10]
183 220 [4]
183 251 [6]
183 655 [0]
184 667 [9]
184 822 [3]
184 1534 [7]
184 271 [7]
185 705 [5]
185 537 [0]
185 1306 [8]
185 429 [1]
185 542 [6]
185 960 [2]
186 1135 [7]
186 359 [9]
186 770 [9]
186 787 [11]
186 1461 [0]
186 837 [0]
186 262 [4]
187 695 [0]
187 1187 [3]
187 259 [7]
187 666 [7]
187 1039 [5]
187 335 [10]
188 1152 [1]
188 940 [8]
188 818 [7]
188 221 [9]
189 302 [5]
189 1470 [11]
189 1482 [0]
189 816 [0]
190 1393 [4]
190 901 [0]
190 660 [3]
191 1245 [4]
191 1528 [1]
191 1094 [1]
192 1461 [9]
192 1597 [5]
192 1000 [9]
192 1217 [5]
192 1485 [8]
192 888 [0]
192 664 [6]
192 691 [11]
193 654 [2]
193 1218 [0]
193 693 [7]
193 804 [5]
193 701 [9]
193 1572 [9]
194 300 [2]
194 243 [0]
194 749 [3]
195 1275 [9]
195 897 [3]
195 913 [9]
195 1202 [9]
195 1549 [4]
196 844 [5]
196 1021 [7]
196 853 [3]
196 734 [11]
196 456 [4]
196 585 [0]
196 610 [11]
197 1317 [0]
197 1584 [2]
197 1063 [9]
197 210 [5]
197 626 [0]
197 1498 [2]
197 293 [9]
198 1506 [3]
198 472 [9]
198 832 [7]
198 1032 [10]
198 917 [1]
199 1244 [5]
199 1469 [1]
199 1572 [0]
200 1597 [2]
201 1571 [0]
201 357 [3]
201 1090 [8]
201 843 [11]
201 212 [6]
201 1022 [5]
201 658 [9]
202 444 [8]
202 470 [0]
202 356 [4]
202 1412 [6]
203 574 [8]
203 554 [1]
203 954 [0]
203 404 [2]
203 1338 [0]
203 1511 [11]
203 1074 [11]
203 390 [6]
203 1486 [5]
204 244 [8]
204 1474 [9]
205 1351 [1]
205 1215 [9]
205 1350 [2]
205 393 [0]
205 940 [6]
205 637 [9]
206 1337 [1]
206 535 [1]
207 867 [0]
207 750 [5]
207 1529 [0]
208 1362 [0]
208 1246 [6]
208 756 [8]
209 1479 [9]
209 1185 [10]
210 1488 [7]
210 288 [10]
211 379 [3]
211 400 [1]
211 722 [7]
212 521 [0]
212 1175 [2]
212 582 [10]
212 712 [9]
213 824 [11]
213 1132 [4]
214 1193 [2]
214 815 [2]
214 1254 [5]
215 1177 [10]
215 393 [6]
215 886 [10]
215 1464 [9]
215 1341 [11]
216 1408 [5]
216 1314 [3]
216 1197 [5]
216 908 [6]
216 241 [0]
216 1417 [1]
217 435 [11]
217 560 [4]
217 539 [3]
217 476 [6]
217 1290 [10]
218 1121 [4]
218 422 [7]
219 1542 [7]
219 833 [4]
219 505 [3]
219 1017 [4]
220 1520 [0]
220 509 [5]
220 952 [8]
220 1239 [4]
220 1415 [10]
220 1315 [10]
221 747 [8]
221 660 [9]
222 1459 [10]
222 705 [3]
222 366 [0]
222 1397 [4]
222 412 [11]
223 1070 [2]
223 227 [11]
223 1453 [7]
223 455 [9]
223 1424 [6]
223 328 [8]
223 1410 [10]
223 1385 [8]
224 1102 [8]
224 698 [5]
224 1597 [11]
224 1189 [7]
225 1381 [2]
225 1224 [1]
226 679 [7]
226 945 [2]
226 1217 [2]
226 534 [5]
227 438 [1]
227 1368 [4]
227 1067 [10]
227 803 [9]
228 1460 [2]
228 1104 [8]
228 1389 [6]
228 1102 [11]
228 244 [11]
228 1002 [6]
228 550 [5]
229 1005 [9]
229 1594 [0]
229 1095 [1]
230 448 [2]
230 1221 [7]
230 1492 [9]
230 1141 [0]
230 1414 [7]
231 1331 [5]
231 1094 [3]
231 848 [5]
231 241 [4]
231 402 [11]
232 655 [4]
232 1523 [11]
232 380 [11]
232 1460 [8]
232 547 [0]
232 1424 [8]
232 701 [8]
233 1590 [4]
233 1179 [1]
233 1554 [7]
233 1316 [5]
233 1598 [0]
233 630 [6]
234 1564 [1]
234 963 [3]
234 602 [9]
234 837 [0]
234 364 [11]
234 653 [7]
235 479 [1]
235 1262 [9]
236 976 [0]
236 1576 [11]
236 383 [7]
236 1508 [3]
237 567 [8]
237 428 [9]
237 782 [7]
237 503 [10]
237 502 [7]
238 699 [7]
238 746 [9]
238 630 [6]
238 1162 [1]
238 454 [10]
238 1017 [3]
238 1245 [3]
239 1215 [4]
239 1392 [2]
239 1416 [2]
239 926 [6]
239 1260 [9]
239 495 [2]
239 906 [6]
240 1530 [9]
240 610 [5]
241 1385 [9]
241 1204 [1]
241 341 [0]
241 1297 [11]
241 1010 [0]
241 681 [1]
241 775 [9]
242 1103 [6]
242 849 [2]
243 346 [3]
243 1247 [9]
244 1314 [1]
245 1211 [11]
245 384 [5]
246 978 [3]
246 862 [11]
247 1342 [5]
247 510 [1]
247 744 [1]
247 1092 [1]
247 917 [10]
248 551 [8]
249 695 [11]
249 570 [3]
249 658 [11]
249 926 [9]
250 390 [2]
250 354 [6]
250 1341 [1]
250 1262 [6]
250 1100 [6]
251 884 [9]
251 478 [8]
252 1174 [5]
252 1080 [11]
253 1332 [8]
253 825 [8]
253 1588 [4]
253 1415 [5]
253 1044 [2]
254 989 [7]
254 684 [11]
254 1358 [3]
254 1051 [11]
254 977 [9]
255 407 [3]
255 314 [4]
255 686 [4]
255 747 [6]
256 804 [9]
256 1036 [1]
256 277 [3]
257 266 [0]
257 787 [2]
257 940 [10]
257 1342 [0]
257 1347 [1]
258 1358 [10]
258 970 [0]
258 1195 [6]
258 1472 [3]
259 1379 [4]
259 1238 [3]
259 655 [5]
259 1124 [11]
259 1132 [11]
260 1410 [6]
260 1146 [0]
260 466 [8]
260 626 [10]
261 900 [0]
261 399 [2]
263 1349 [10]
263 635 [10]
263 418 [10]
263 600 [10]
263 291 [0]
264 1456 [6]
264 1308 [3]
264 1362 [11]
264 520 [2]
264 1558 [6]
264 1368 [11]
265 417 [11]
266 1297 [3]
266 735 [9]
266 1192 [5]
267 283 [4]
267 563 [6]
267 1373 [9]
267 812 [0]
267 1253 [5]
268 911 [4]
268 1570 [8]
268 548 [9]
268 328 [8]
268 362 [8]
269 289 [11]
269 944 [11]
269 1574 [0]
270 696 [11]
270 389 [4]
271 633 [4]
272 344 [6]
272 342 [11]
272 636 [5]
272 433 [8]
273 483 [6]
273 1103 [3]
273 712 [9]
273 1556 [9]
273 405 [3]
273 1276 [4]
273 895 [4]
273 390 [10]
274 1327 [5]
274 1249 [3]
274 1244 [10]
274 456 [4]
274 1204 [2]
274 709 [0]
274 1471 [9]
275 1027 [10]
275 1148 [7]
276 533 [3]
276 1456 [10]
276 713 [4]
277 576 [6]
277 726 [9]
277 966 [3]
277 335 [0]
278 483 [5]
278 517 [10]
279 1447 [0]
280 514 [2]
280 463 [11]
280 1356 [6]
280 1157 [4]
280 802 [7]
281 1253 [11]
281 529 [2]
281 1455 [8]
281 357 [9]
281 1055 [5]
282 1358 [10]
282 920 [6]
282 1528 [2]
282 344 [9]
283 862 [9]
283 1527 [4]
283 938 [2]
284 963 [3]
284 1129 [9]
284 775 [8]
285 1470 [2]
285 1553 [5]
285 355 [4]
285 460 [3]
285 419 [7]
285 1498 [0]
286 1192 [0]
287 1461 [10]
287 1430 [8]
287 811 [2]
287 1378 [4]
287 1036 [5]
287 510 [10]
287 501 [9]
287 1049 [7]
287 356 [3]
288 1198 [10]
288 1490 [5]
288 617 [6]
288 1101 [8]
289 393 [8]
289 992 [0]
289 481 [10]
289 356 [10]
290 1280 [3]
290 1422 [11]
290 1242 [0]
290 1358 [11]
290 398 [4]
291 1299 [10]
291 1385 [6]
291 1433 [0]
292 1146 [0]
292 957 [5]
292 331 [11]
293 1156 [10]
293 374 [11]
293 593 [6]
293 1457 [11]
293 965 [11]
293 643 [7]
293 906 [10]
294 671 [9]
294 382 [0]
294 478 [3]
294 1588 [3]
295 356 [2]
295 641 [6]
295 1018 [1]
295 821 [8]
296 828 [6]
296 1077 [4]
297 792 [10]
297 1257 [9]
297 1325 [5]
297 317 [6]
298 1531 [5]
299 497 [11]
299 1420 [5]
299 634 [11]
299 1598 [5]
300 392 [8]
300 975 [8]
300 1536 [6]
301 1336 [5]
302 950 [8]
303 857 [2]
303 614 [4]
303 1554 [11]
303 664 [7]
304 1343 [3]
304 576 [3]
304 1257 [6]
304 951 [11]
304 587 [2]
305 1369 [10]
305 698 [6]
305 390 [10]
305 370 [2]
305 1253 [4]
306 426 [8]
307 921 [5]
307 1171 [11]
307 1268 [8]
307 474 [10]
308 352 [7]
308 944 [0]
308 1544 [11]
308 911 [0]
308 1538 [9]
308 328 [3]
309 555 [9]
309 1437 [2]
310 954 [9]
310 660 [9]
311 555 [5]
312 1074 [4]
312 543 [6]
312 1456 [6]
312 1369 [3]
313 574 [1]
313 899 [8]
313 1052 [5]
313 886 [1]
314 456 [7]
314 1116 [11]
314 535 [6]
314 799 [8]
314 964 [2]
315 442 [5]
316 791 [1]
316 540 [6]
318 837 [3]
318 1235 [2]
318 427 [0]
319 1501 [4]
319 429 [1]
321 1384 [11]
321 1050 [1]
321 975 [4]
322 1440 [9]
322 812 [9]
322 800 [10]
322 412 [0]
323 1223 [11]
323 618 [11]
323 1119 [6]
323 503 [3]
323 383 [5]
323 443 [0]
323 830 [5]
323 338 [1]
323 1117 [6]
324 1223 [8]
324 1513 [7]
325 530 [3]
325 759 [4]
325 1593 [8]
325 1162 [9]
325 527 [6]
325 357 [8]
326 939 [1]
327 1165 [5]
327 521 [0]
327 1199 [11]
327 859 [0]
327 1051 [6]
328 837 [5]
329 943 [11]
329 1147 [9]
330 772 [9]
331 1338 [3]
331 838 [10]
331 1267 [8]
332 1065 [11]
332 481 [5]
332 925 [0]
332 506 [9]
332 1546 [10]
333 526 [6]
333 800 [4]
333 639 [8]
333 1034 [6]
333 1510 [2]
333 1574 [5]
333 644 [3]
334 1019 [10]
334 417 [3]
334 633 [3]
335 1033 [9]
335 435 [8]
335 510 [6]
335 700 [0]
336 1381 [1]
336 1454 [8]
336 1393 [10]
337 661 [10]
337 518 [3]
337 399 [8]
337 340 [5]
337 1130 [7]
337 377 [8]
337 1376 [0]
337 995 [6]
337 865 [5]
338 961 [0]
338 418 [5]
338 1428 [6]
338 492 [8]
338 696 [9]
339 1325 [3]
339 938 [7]
339 485 [5]
340 1177 [3]
340 1428 [10]
340 922 [0]
340 450 [8]
341 1063 [3]
342 680 [9]
342 459 [6]
342 763 [10]
342 631 [1]
343 1000 [7]
343 1363 [6]
343 380 [9]
343 1367 [6]
343 1208 [0]
343 856 [11]
343 1464 [6]
344 504 [8]
344 1237 [10]
344 1186 [3]
344 945 [6]
345 1546 [4]
345 711 [1]
345 1089 [10]
345 499 [5]
346 975 [10]
346 1264 [0]
346 1542 [5]
346 715 [11]
346 1151 [7]
347 884 [0]
347 481 [10]
347 598 [4]
347 1229 [2]
347 889 [0]
347 1397 [1]
347 582 [0]
348 1261 [1]
348 1100 [10]
348 1250 [4]
349 1303 [4]
349 1334 [2]
350 755 [9]
350 678 [1]
350 861 [0]
351 1526 [7]
351 1573 [10]
352 1590 [4]
352 939 [10]
354 731 [1]
354 466 [5]
355 644 [0]
355 845 [0]
356 812 [2]
356 724 [6]
356 1219 [7]
356 909 [10]
356 1168 [2]
356 729 [1]
356 609 [9]
357 627 [3]
357 505 [5]
357 1160 [0]
357 1132 [7]
358 522 [10]
358 1378 [3]
359 512 [0]
359 829 [8]
359 702 [8]
359 624 [0]
359 679 [0]
359 1239 [5]
359 1363 [5]
359 926 [11]
360 1049 [6]
360 1247 [7]
360 1096 [9]
360 1080 [1]
360 661 [2]
361 1391 [1]
361 548 [2]
361 717 [4]
362 393 [4]
362 388 [10]
362 669 [8]
362 1336 [6]
362 612 [10]
363 826 [4]
363 1432 [1]
364 823 [9]
365 1277 [0]
365 895 [3]
365 1349 [2]
365 516 [0]
365 438 [1]
365 1525 [1]
366 1490 [10]
366 932 [11]
366 1288 [7]
366 1025 [6]
367 1349 [2]
367 693 [6]
367 749 [2]
367 1168 [4]
368 838 [6]
368 424 [0]
368 390 [2]
368 1555 [5]
368 1392 [0]
369 1542 [7]
369 785 [0]
369 964 [6]
370 488 [7]
370 1291 [11]
370 866 [0]
370 1200 [8]
370 693 [7]
370 1170 [3]
370 803 [8]
371 1197 [10]
371 513 [8]
371 860 [5]
371 1335 [8]
372 1382 [5]
372 609 [9]
372 448 [6]
372 1578 [9]
373 424 [5]
373 410 [0]
374 1043 [3]
375 986 [0]
375 609 [9]
375 416 [3]
375 841 [7]
376 657 [10]
376 1040 [7]
376 1006 [9]
376 745 [9]
377 1379 [10]
377 1424 [5]
378 818 [0]
378 1017 [10]
378 744 [8]
378 577 [3]
378 855 [11]
378 809 [8]
379 1423 [4]
379 688 [10]
379 1469 [9]
379 1329 [6]
379 1126 [6]
379 1077 [10]
380 750 [5]
380 926 [11]
380 1567 [1]
381 498 [9]
381 784 [7]
381 1087 [11]
382 795 [6]
382 967 [11]
382 1510 [4]
382 1557 [1]
382 783 [0]
383 1007 [3]
383 843 [6]
383 1573 [4]
383 1482 [10]
384 807 [4]
384 1380 [0]
384 1349 [9]
385 538 [6]
385 1082 [6]
385 1301 [5]
385 1087 [5]
385 621 [5]
385 820 [7]
385 758 [8]
386 1272 [1]
386 897 [4]
386 586 [9]
386 528 [5]
387 1020 [2]
387 1108 [2]
387 632 [6]
387 646 [10]
388 1546 [8]
389 580 [7]
389 688 [3]
389 854 [9]
389 890 [6]
389 1083 [6]
389 1414 [3]
390 886 [2]
390 805 [3]
390 788 [6]
390 954 [7]
390 803 [5]
390 978 [0]
391 1044 [4]
391 1403 [8]
391 957 [2]
391 993 [10]
391 420 [9]
391 1401 [1]
391 425 [1]
392 1100 [5]
392 1178 [9]
392 697 [3]
392 1001 [4]
392 1243 [8]
393 1599 [1]
393 457 [8]
393 753 [0]
393 601 [4]
394 1507 [5]
394 1031 [10]
395 468 [5]
395 782 [6]
395 1346 [7]
395 531 [9]
396 1489 [11]
396 1351 [4]
396 835 [6]
396 535 [0]
397 546 [2]
397 562 [11]
398 1414 [11]
398 1487 [2]
398 739 [1]
398 417 [4]
399 1084 [6]
399 1531 [6]
399 500 [3]
399 1329 [11]
399 685 [7]
399 724 [8]
400 1428 [2]
400 922 [6]
400 1432 [11]
400 1008 [11]
401 1293 [9]
401 932 [3]
401 1313 [2]
402 1356 [7]
402 1253 [1]
402 775 [7]
402 831 [4]
402 1286 [4]
402 1097 [5]
403 672 [11]
403 1295 [5]
403 1091 [5]
403 1095 [4]
403 1407 [8]
403 1315 [6]
403 937 [11]
403 1224 [1]
404 638 [7]
405 1356 [10]
405 600 [3]
405 1347 [5]
405 819 [4]
406 412 [1]
406 865 [11]
406 1317 [11]
407 724 [0]
407 1415 [4]
407 1207 [6]
407 1353 [1]
407 1339 [3]
408 1524 [2]
408 1048 [7]
408 442 [6]
409 920 [4]
409 1396 [0]
409 1505 [6]
409 1286 [2]
409 1020 [8]
410 709 [5]
410 948 [6]
410 705 [7]
410 1237 [9]
410 1372 [0]
410 1116 [6]
411 599 [5]
411 1191 [3]
411 1329 [6]
411 654 [1]
411 590 [5]
411 530 [10]
412 1494 [7]
412 1118 [10]
412 738 [10]
413 1067 [11]
413 1248 [5]
413 1578 [4]
413 556 [2]
413 1281 [5]
413 1412 [5]
415 1268 [11]
415 1302 [5]
415 1496 [4]
415 1217 [3]
415 736 [10]
416 1262 [8]
416 1554 [1]
417 1536 [6]
417 1418 [6]
417 1188 [1]
418 980 [10]
418 1266 [5]
418 658 [5]
418 950 [5]
418 1400 [6]
419 671 [0]
419 635 [5]
420 948 [2]
420 1473 [4]
420 1431 [2]
420 1458 [7]
420 989 [4]
421 1480 [11]
421 1110 [3]
422 1011 [11]
422 1302 [8]
422 525 [5]
423 907 [6]
423 1571 [2]
423 865 [1]
423 1336 [2]
424 1216 [2]
424 439 [0]
424 1085 [7]
425 1467 [2]
425 1018 [3]
425 747 [1]
425 811 [1]
425 473 [0]
426 1405 [8]
426 1092 [2]
426 471 [10]
426 562 [6]
428 1457 [7]
428 1316 [1]
428 894 [0]
428 1080 [0]
428 530 [6]
428 1470 [0]
429 1377 [6]
429 1109 [0]
430 832 [9]
430 1467 [0]
430 439 [9]
430 724 [4]
430 1045 [5]
430 930 [3]
430 780 [6]
430 776 [8]
430 701 [8]
431 1313 [4]
431 545 [10]
431 761 [3]
431 797 [2]
431 1491 [11]
431 889 [7]
431 1419 [9]
432 619 [4]
432 592 [8]
432 982 [7]
433 714 [8]
433 744 [11]
433 1092 [6]
433 830 [6]
433 471 [11]
433 1383 [1]
433 562 [5]
434 709 [5]
435 703 [9]
435 584 [9]
435 1472 [1]
436 627 [6]
436 1266 [2]
437 1292 [9]
437 580 [10]
438 1241 [8]
438 689 [4]
439 610 [5]
439 938 [1]
439 1130 [1]
440 1353 [1]
441 1559 [6]
442 1454 [1]
444 1086 [7]
444 1320 [5]
444 1233 [5]
444 834 [2]
444 734 [0]
445 457 [8]
445 1321 [3]
445 542 [7]
446 1205 [4]
446 753 [9]
446 1153 [2]
446 825 [3]
447 1044 [5]
447 607 [10]
448 1434 [2]
448 1581 [3]
448 1283 [11]
449 1456 [3]
449 754 [1]
450 770 [11]
450 1239 [6]
450 1213 [7]
450 1065 [5]
450 680 [11]
451 897 [5]
451 1566 [11]
451 1565 [0]
452 507 [5]
452 1021 [1]
452 1033 [2]
452 686 [10]
453 1389 [0]
453 884 [3]
453 1331 [6]
453 1497 [8]
453 883 [9]
454 511 [11]
454 1596 [4]
454 696 [4]
454 1260 [2]
455 714 [2]
455 1387 [6]
455 1538 [2]
455 494 [8]
455 1202 [3]
455 631 [6]
456 1365 [2]
457 1509 [9]
457 1115 [10]
458 903 [8]
458 1567 [11]
458 1252 [7]
459 513 [1]
459 1174 [3]
459 710 [4]
459 518 [1]
460 1176 [9]
460 841 [4]
460 1536 [6]
460 1367 [7]
460 1217 [9]
461 1090 [7]
461 489 [11]
461 1383 [10]
461 870 [6]
461 991 [7]
462 1254 [10]
462 1015 [7]
462 875 [4]
462 1387 [8]
463 1226 [7]
463 1295 [0]
463 734 [0]
463 1080 [1]
463 1589 [10]
464 1372 [5]
464 599 [3]
464 867 [4]
464 998 [0]
464 887 [4]
464 1510 [10]
465 929 [11]
465 579 [6]
466 1222 [0]
466 1484 [0]
466 642 [9]
466 1479 [11]
467 1213 [0]
467 907 [10]
467 919 [5]
467 988 [9]
467 854 [0]
468 1209 [10]
468 668 [11]
468 753 [8]
468 527 [3]
469 744 [4]
469 1499 [4]
469 1524 [11]
469 891 [7]
469 936 [2]
470 926 [1]
470 1378 [4]
470 1443 [2]
470 1550 [10]
471 1318 [5]
471 854 [10]
471 568 [10]
471 834 [2]
472 814 [4]
472 1153 [1]
472 1469 [4]
472 801 [3]
472 1139 [7]
473 777 [3]
473 1016 [6]
473 874 [7]
473 1344 [1]
473 1333 [11]
473 656 [6]
474 612 [10]
474 1317 [1]
474 788 [11]
474 1350 [11]
474 583 [4]
474 1099 [3]
474 1389 [10]
475 678 [2]
475 1100 [10]
475 1002 [1]
476 993 [0]
476 1288 [4]
476 901 [10]
476 669 [6]
476 1350 [2]
477 1545 [4]
477 1122 [5]
477 621 [10]
477 1366 [11]
477 1448 [8]
477 1220 [3]
478 1220 [9]
478 1215 [2]
478 579 [8]
478 1013 [2]
478 1462 [6]
478 980 [1]
479 645 [9]
479 729 [5]
479 844 [8]
479 803 [2]
479 1458 [5]
479 1179 [4]
480 1200 [0]
480 1514 [4]
480 1123 [4]
480 900 [6]
480 1014 [2]
480 1246 [10]
481 1052 [9]
482 851 [10]
483 694 [2]
483 1231 [0]
484 889 [11]
484 1110 [11]
484 992 [0]
485 551 [11]
485 703 [10]
485 1591 [11]
485 1049 [8]
485 1523 [8]
486 640 [6]
486 1377 [3]
486 653 [7]
486 900 [1]
486 1015 [9]
487 1463 [10]
487 1560 [7]
487 557 [5]
488 852 [2]
488 1133 [11]
488 1351 [2]
489 493 [1]
489 504 [6]
489 1542 [0]
489 923 [6]
489 1280 [11]
489 1570 [4]
490 1378 [5]
490 1456 [9]
491 1384 [2]
491 817 [6]
492 802 [6]
492 1457 [0]
493 1197 [8]
493 707 [2]
493 857 [7]
493 1241 [10]
493 1338 [10]
494 1204 [7]
494 1206 [10]
494 604 [3]
494 609 [2]
496 1178 [4]
496 1170 [10]
496 1161 [8]
496 837 [11]
496 1155 [11]
496 1446 [2]
496 1574 [10]
497 1399 [5]
497 1016 [4]
497 1529 [1]
497 1527 [10]
497 925 [8]
498 803 [9]
498 1573 [2]
498 733 [3]
498 546 [4]
498 826 [10]
499 783 [5]
499 981 [11]
499 653 [3]
499 543 [2]
499 1147 [9]
500 826 [1]
500 1141 [7]
500 667 [8]
500 843 [4]
500 981 [9]
500 1146 [10]
501 745 [9]
501 1379 [8]
501 600 [11]
501 633 [0]
502 923 [6]
502 1565 [0]
502 1037 [5]
503 1222 [8]
503 808 [2]
503 847 [8]
503 1196 [11]
503 1429 [8]
503 1015 [7]
503 995 [2]
504 692 [4]
504 765 [11]
505 1166 [6]
505 1251 [3]
505 553 [3]
505 506 [8]
505 1327 [2]
506 1352 [5]
506 967 [1]
506 884 [5]
506 1466 [9]
507 559 [3]
507 1424 [10]
507 819 [10]
507 1326 [1]
507 650 [10]
507 1163 [0]
508 681 [4]
509 1584 [2]
510 1560 [11]
510 581 [8]
510 1298 [3]
510 1191 [1]
510 1390 [4]
511 807 [4]
511 919 [8]
511 564 [10]
511 548 [11]
512 1290 [9]
512 1004 [3]
512 777 [8]
512 1122 [11]
512 636 [6]
514 1358 [10]
514 1224 [0]
514 750 [1]
515 617 [2]
515 1199 [2]
515 1169 [5]
515 790 [2]
516 1309 [3]
516 1576 [0]
516 907 [2]
517 907 [4]
517 518 [4]
517 1164 [0]
517 1580 [2]
518 611 [2]
518 901 [4]
518 1066 [9]
519 1088 [10]
519 870 [2]
519 1480 [10]
520 1093 [6]
520 976 [4]
521 1072 [3]
521 666 [5]
522 1570 [11]
522 745 [10]
522 1473 [0]
522 1392 [10]
523 964 [5]
523 823 [5]
523 1185 [7]
523 1562 [1]
523 1293 [8]
523 1547 [1]
523 1260 [6]
524 905 [8]
524 1079 [3]
524 810 [1]
524 1576 [0]
524 1337 [0]
524 1017 [0]
525 1218 [10]
525 1155 [4]
525 1350 [5]
526 809 [1]
526 1485 [6]
526 1426 [4]
526 1502 [9]
527 860 [11]
527 1280 [11]
527 1405 [6]
527 643 [1]
528 1192 [9]
528 756 [4]
528 1551 [0]
529 1171 [11]
529 1557 [1]
530 934 [7]
530 670 [5]
530 1387 [9]
531 1461 [7]
531 663 [4]
531 1288 [8]
531 1145 [7]
532 1504 [7]
532 1297 [7]
532 652 [9]
533 756 [5]
534 1025 [2]
534 1294 [4]
534 1155 [10]
534 863 [4]
535 1313 [4]
535 1242 [10]
535 1034 [8]
535 810 [3]
536 853 [10]
536 765 [5]
536 1281 [0]
536 1293 [2]
537 1154 [3]
537 1065 [11]
537 908 [1]
537 767 [5]
537 715 [9]
537 696 [3]
538 928 [0]
538 905 [3]
539 700 [5]
539 1329 [1]
540 1316 [4]
540 1119 [10]
540 563 [3]
541 1313 [5]
541 1024 [7]
541 962 [8]
541 791 [1]
541 1135 [10]
542 1519 [2]
542 780 [9]
542 560 [11]
542 791 [10]
542 805 [9]
543 960 [4]
543 791 [10]
543 1370 [7]
543 1089 [3]
543 850 [4]
543 1327 [2]
544 1179 [4]
544 780 [9]
544 1581 [11]
545 611 [5]
545 1511 [0]
545 1072 [5]
545 1291 [10]
545 1475 [1]
546 620 [3]
546 893 [3]
547 1039 [0]
547 728 [1]
547 901 [0]
547 1531 [11]
547 684 [1]
547 669 [4]
548 1027 [6]
548 946 [11]
548 1167 [7]
548 1084 [4]
549 1127 [8]
549 1432 [9]
550 813 [0]
550 1316 [3]
550 1471 [9]
550 1079 [4]
550 851 [0]
550 1003 [9]
551 757 [4]
551 1092 [4]
551 1493 [6]
551 763 [5]
551 661 [5]
551 1572 [0]
551 1027 [5]
551 1426 [9]
552 1489 [4]
552 1140 [4]
552 835 [8]
553 1380 [5]
553 590 [0]
554 1579 [8]
554 1059 [7]
555 1215 [7]
555 737 [0]
555 957 [8]
556 1355 [10]
556 815 [7]
556 1240 [9]
557 1597 [2]
558 1248 [9]
558 1300 [10]
558 802 [7]
558 849 [2]
558 1258 [2]
559 904 [1]
559 1067 [11]
560 1547 [9]
560 594 [3]
560 1431 [4]
561 888 [3]
561 828 [9]
561 1128 [7]
561 1421 [4]
561 1581 [7]
561 834 [4]
561 1588 [4]
561 748 [2]
561 1143 [7]
562 1058 [0]
562 1060 [3]
562 1049 [10]
562 710 [8]
562 655 [8]
563 1068 [7]
564 1276 [9]
564 1135 [0]
564 1230 [6]
564 1201 [9]
565 1082 [3]
566 1530 [10]
566 1486 [5]
567 938 [10]
567 1575 [4]
567 587 [8]
567 685 [9]
567 979 [7]
567 886 [6]
568 1054 [7]
568 601 [1]
568 1590 [5]
568 926 [4]
568 1271 [10]
568 661 [2]
568 741 [5]
569 1542 [11]
569 1442 [7]
569 1400 [11]
569 1016 [11]
569 1257 [2]
569 1529 [11]
569 1497 [4]
571 608 [11]
571 1073 [7]
571 1169 [1]
572 859 [11]
572 968 [1]
572 1526 [9]
572 1052 [1]
573 769 [1]
573 1454 [10]
574 1355 [1]
574 1202 [7]
574 1438 [7]
574 629 [0]
574 1572 [2]
575 989 [3]
575 872 [11]
575 596 [7]
575 859 [1]
575 1048 [10]
576 966 [3]
576 1076 [7]
576 817 [6]
576 1297 [11]
576 731 [1]
577 1220 [10]
577 739 [8]
578 636 [6]
578 1184 [6]
578 1170 [11]
578 663 [0]
578 941 [10]
579 1500 [4]
579 1182 [8]
579 1430 [5]
579 1095 [10]
580 681 [4]
580 689 [1]
580 1362 [4]
581 1308 [3]
581 796 [10]
581 1338 [1]
582 1406 [0]
582 979 [2]
582 1459 [2]
583 1292 [2]
583 1100 [4]
584 1174 [4]
585 1274 [11]
586 1308 [11]
586 1319 [2]
586 1245 [6]
588 799 [9]
589 1227 [5]
589 938 [4]
589 1079 [10]
590 669 [11]
590 795 [0]
591 1028 [10]
591 1127 [1]
591 844 [0]
591 947 [11]
591 680 [3]
591 1064 [5]
592 1487 [9]
592 1056 [7]
592 1584 [7]
592 638 [11]
593 698 [4]
593 792 [5]
593 1177 [6]
593 1172 [6]
593 1194 [3]
594 852 [11]
594 1162 [0]
594 1474 [2]
595 818 [3]
596 1341 [2]
596 776 [10]
596 973 [10]
597 620 [5]
598 960 [5]
598 627 [6]
598 1580 [1]
598 1323 [4]
599 971 [6]
599 666 [7]
599 801 [1]
599 657 [5]
599 1472 [6]
600 748 [10]
600 1026 [4]
600 978 [11]
600 1150 [3]
600 758 [5]
601 1378 [4]
601 1426 [1]
602 890 [10]
602 1036 [10]
602 1264 [9]
602 665 [3]
603 1576 [4]
603 1297 [3]
603 966 [5]
604 771 [10]
604 1233 [6]
605 1112 [10]
605 1406 [11]
605 1140 [9]
605 1194 [0]
605 1345 [8]
606 825 [3]
606 1313 [1]
606 1352 [2]
606 1382 [9]
606 913 [10]
606 1324 [4]
606 665 [3]
606 1157 [7]
607 1333 [2]
607 1512 [2]
607 1562 [11]
607 1302 [6]
607 667 [9]
608 1510 [4]
608 1001 [5]
608 1386 [4]
608 855 [7]
608 768 [10]
609 784 [2]
609 1384 [9]
609 1537 [3]
610 1224 [4]
610 1340 [4]
610 1021 [7]
610 1578 [9]
611 1011 [2]
611 636 [11]
611 1490 [5]
612 1247 [6]
613 643 [10]
613 1378 [1]
613 1265 [2]
613 1391 [9]
613 1104 [7]
613 1070 [11]
614 920 [5]
614 1586 [10]
614 1535 [8]
614 667 [7]
615 1139 [4]
615 1500 [2]
616 878 [1]
616 1407 [1]
617 1155 [10]
618 814 [10]
618 809 [2]
618 725 [6]
618 1121 [5]
618 1430 [5]
618 1494 [7]
619 750 [4]
619 1547 [0]
619 822 [1]
619 765 [4]
620 1371 [5]
621 1367 [2]
621 1196 [6]
621 1345 [3]
622 1018 [6]
622 1449 [6]
622 1458 [2]
623 908 [3]
623 703 [1]
624 1250 [4]
624 1510 [1]
624 1418 [11]
624 1355 [6]
624 1484 [0]
625 1500 [8]
625 1399 [9]
625 1234 [11]
626 790 [9]
626 628 [9]
626 1353 [4]
626 1250 [7]
627 1409 [4]
627 694 [10]
627 1097 [10]
628 1126 [5]
628 899 [0]
629 1109 [3]
629 681 [0]
629 704 [6]
629 1209 [0]
630 665 [7]
630 1285 [3]
630 808 [4]
631 1029 [8]
631 953 [4]
631 661 [9]
632 1200 [3]
632 1406 [4]
632 691 [11]
632 703 [11]
632 1218 [11]
633 654 [9]
633 846 [2]
633 1380 [2]
634 754 [0]
634 1219 [10]
634 703 [8]
634 1441 [10]
635 1559 [2]
636 1177 [0]
637 970 [11]
637 1473 [11]
637 1157 [1]
638 1584 [10]
638 1410 [9]
640 1528 [0]
640 743 [8]
640 967 [1]
640 1026 [9]
641 1406 [5]
642 1175 [2]
642 1528 [8]
642 1451 [2]
642 980 [0]
642 866 [9]
643 736 [0]
643 1529 [7]
643 728 [0]
643 1103 [11]
643 1598 [7]
644 1529 [9]
645 985 [11]
645 1090 [3]
645 1463 [7]
645 940 [10]
647 919 [3]
647 754 [2]
647 792 [10]
647 1096 [2]
648 739 [4]
648 1318 [9]
648 1386 [0]
648 789 [7]
649 699 [0]
649 1350 [2]
649 1169 [0]
649 1131 [0]
649 899 [7]
649 867 [7]
650 1325 [0]
650 1063 [3]
650 1384 [2]
650 757 [2]
651 878 [5]
653 1372 [5]
653 1017 [0]
653 1282 [3]
653 813 [0]
653 943 [2]
654 1378 [1]
654 1490 [4]
655 659 [0]
655 1031 [5]
656 1471 [7]
657 1268 [7]
658 1536 [8]
658 1412 [3]
659 1318 [6]
659 1225 [6]
659 1076 [8]
659 900 [3]
660 1433 [7]
660 1271 [4]
661 984 [4]
662 1173 [3]
663 1363 [5]
663 764 [0]
664 1432 [5]
665 876 [1]
665 978 [1]
666 699 [7]
667 1095 [1]
667 1208 [1]
667 857 [8]
667 688 [7]
668 845 [2]
668 1069 [8]
668 1507 [3]
669 1308 [11]
669 1399 [2]
669 988 [2]
670 1482 [6]
670 1192 [7]
670 1247 [6]
671 743 [2]
671 1357 [2]
671 1152 [8]
671 1434 [1]
671 674 [2]
671 748 [11]
671 705 [2]
672 1184 [1]
672 1276 [10]
672 1312 [2]
672 852 [1]
672 1054 [9]
673 1135 [1]
673 849 [8]
673 1203 [2]
673 1594 [2]
673 1511 [3]
673 856 [7]
673 1018 [7]
673 1104 [0]
674 1262 [10]
674 1016 [9]
675 1197 [6]
675 1418 [11]
676 1141 [0]
676 1593 [8]
676 836 [8]
676 1318 [4]
677 985 [11]
677 1166 [9]
677 1106 [5]
677 896 [6]
678 1429 [8]
679 1396 [10]
679 1245 [8]
679 926 [11]
679 1344 [6]
680 1370 [6]
681 757 [8]
681 1343 [4]
682 719 [3]
683 1565 [2]
683 886 [11]
683 1114 [0]
683 810 [5]
684 1504 [3]
684 1263 [0]
684 1050 [9]
684 1471 [3]
684 982 [0]
685 1293 [4]
685 833 [4]
685 788 [7]
686 846 [11]
686 1259 [6]
687 1131 [1]
687 851 [0]
687 963 [8]
688 1518 [7]
688 1170 [4]
688 846 [5]
689 1559 [9]
689 1231 [4]
689 861 [3]
689 1132 [8]
689 1077 [4]
690 1295 [11]
691 1469 [0]
692 1232 [9]
692 879 [7]
692 1470 [6]
692 1178 [9]
692 1540 [7]
692 1128 [11]
692 948 [8]
693 859 [11]
693 1523 [1]
694 871 [9]
694 1344 [2]
695 1002 [9]
695 1508 [11]
695 923 [2]
695 816 [2]
696 1207 [11]
696 1358 [0]
697 1409 [1]
697 1483 [10]
698 727 [7]
698 882 [4]
698 1140 [3]
698 931 [11]
698 1222 [11]
698 1276 [11]
698 878 [6]
699 761 [10]
699 956 [9]
699 1521 [5]
699 1465 [3]
699 1531 [0]
699 1392 [5]
700 1409 [5]
700 1318 [11]
700 1477 [3]
700 1268 [9]
700 878 [0]
702 1572 [5]
702 820 [4]
703 1115 [11]
703 1082 [3]
703 1182 [2]
704 1338 [8]
704 1379 [3]
704 1355 [10]
704 1469 [1]
705 1180 [0]
705 1367 [0]
706 1326 [5]
707 1588 [3]
707 1550 [0]
707 1459 [6]
707 1595 [4]
707 1237 [8]
707 1250 [9]
708 1114 [9]
708 1203 [10]
708 970 [0]
708 1145 [5]
709 1114 [5]
709 1247 [11]
709 1499 [9]
709 1498 [8]
709 997 [10]
710 993 [3]
710 1459 [4]
710 779 [6]
710 1442 [3]
710 1547 [5]
710 1373 [3]
710 908 [8]
710 1587 [8]
711 1093 [8]
712 1459 [11]
713 1477 [2]
713 1595 [5]
713 1468 [8]
713 1320 [11]
714 1114 [6]
714 888 [10]
715 801 [1]
715 1212 [1]
716 758 [10]
716 1286 [9]
716 1455 [5]
717 1291 [4]
717 1019 [0]
717 1514 [6]
717 1592 [2]
717 856 [8]
717 1187 [7]
717 1293 [6]
718 843 [2]
718 1356 [6]
719 889 [2]
719 1448 [7]
719 1115 [7]
719 1450 [8]
719 947 [9]
719 1199 [8]
719 1553 [3]
720 881 [5]
720 1108 [0]
721 1250 [6]
721 1213 [4]
721 878 [10]
721 820 [4]
722 1441 [11]
722 1384 [10]
723 1009 [2]
723 1456 [5]
723 1441 [10]
724 1290 [1]
724 1571 [7]
725 821 [2]
725 751 [8]
725 1179 [6]
725 1504 [6]
725 1507 [5]
726 810 [2]
727 883 [3]
727 1478 [4]
728 1536 [2]
728 969 [9]
728 1306 [11]
729 1333 [8]
729 1536 [11]
729 857 [7]
729 961 [9]
729 1120 [2]
730 1568 [10]
730 1196 [11]
731 1406 [3]
731 1137 [5]
731 872 [11]
732 1163 [9]
732 743 [3]
732 1257 [1]
732 1258 [10]
732 1124 [8]
733 1270 [10]
733 1107 [2]
733 1189 [5]
734 1216 [8]
734 1001 [1]
734 1008 [2]
734 1537 [3]
737 1584 [8]
737 1571 [3]
738 965 [3]
738 1308 [3]
738 1183 [5]
738 1250 [9]
739 1016 [2]
739 1462 [8]
739 769 [1]
740 1271 [9]
740 1495 [5]
740 1484 [3]
741 1133 [8]
741 1220 [0]
742 1116 [10]
743 1130 [7]
744 1062 [5]
744 819 [6]
744 792 [5]
744 1531 [2]
744 1364 [9]
745 1230 [5]
746 1227 [10]
746 1279 [8]
746 907 [4]
747 1520 [10]
747 1308 [5]
747 1390 [5]
748 1117 [8]
749 1338 [5]
749 1453 [5]
749 896 [8]
750 1049 [8]
751 1022 [5]
751 1441 [3]
751 848 [7]
751 1414 [11]
752 830 [11]
752 1234 [9]
752 817 [8]
753 1009 [6]
753 1442 [0]
754 1195 [5]
754 802 [5]
754 1215 [8]
754 1150 [1]
754 1135 [8]
754 1332 [7]
755 1521 [5]
755 1387 [8]
757 1292 [10]
757 976 [4]
757 1330 [5]
758 815 [1]
758 1296 [11]
758 982 [10]
759 1392 [7]
759 1513 [6]
759 784 [9]
759 1413 [2]
760 785 [6]
760 1457 [1]
761 1015 [4]
761 1429 [3]
762 966 [5]
762 1410 [3]
763 1523 [6]
763 1084 [9]
763 891 [11]
763 1181 [10]
763 1308 [9]
764 1549 [9]
765 1501 [5]
765 1212 [5]
765 1430 [6]
766 883 [1]
766 953 [5]
766 812 [4]
767 1341 [9]
767 1021 [6]
768 953 [7]
769 1046 [11]
770 833 [11]
770 1532 [10]
771 904 [11]
772 986 [0]
772 1273 [7]
772 1496 [1]
772 1034 [7]
772 1444 [1]
773 904 [2]
774 1594 [7]
774 1114 [10]
775 1281 [8]
776 929 [11]
776 1104 [11]
777 1020 [6]
778 1345 [5]
779 1201 [7]
779 972 [11]
780 1566 [3]
780 835 [6]
780 919 [10]
780 1274 [5]
780 1574 [10]
781 1451 [10]
781 1525 [10]
781 1321 [4]
782 1518 [1]
782 1438 [1]
783 1110 [7]
784 1462 [8]
785 873 [0]
785 1195 [9]
785 1360 [1]
785 789 [3]
786 1250 [5]
786 1563 [6]
786 1192 [11]
786 893 [7]
786 1270 [9]
786 1394 [10]
787 1566 [6]
788 1470 [1]
788 1090 [8]
788 1459 [7]
791 1508 [10]
791 1018 [4]
791 1220 [7]
793 919 [7]
793 1240 [3]
794 995 [4]
795 1220 [9]
795 1335 [3]
795 1419 [0]
795 1452 [7]
795 1299 [11]
796 1188 [1]
796 1500 [5]
797 977 [9]
797 1011 [2]
797 1405 [4]
798 1272 [4]
798 1294 [8]
798 819 [11]
799 1362 [5]
800 919 [8]
801 1168 [8]
801 929 [9]
801 1239 [10]
802 1480 [9]
802 1383 [5]
803 1010 [7]
803 1291 [0]
803 1139 [11]
804 1317 [11]
804 1406 [8]
805 1315 [6]
805 1136 [5]
805 1110 [6]
805 1425 [5]
806 868 [10]
806 1330 [5]
806 1490 [2]
807 1575 [10]
807 1527 [0]
808 1254 [8]
808 979 [10]
809 1391 [2]
809 812 [2]
810 1384 [8]
811 1371 [9]
811 1336 [6]
813 1149 [0]
813 1037 [7]
815 1060 [4]
817 889 [1]
817 859 [3]
817 1148 [11]
818 1065 [0]
818 1432 [1]
818 927 [2]
819 1500 [3]
819 1344 [11]
820 916 [0]
821 1501 [8]
821 848 [5]
821 1018 [10]
821 1025 [9]
822 1256 [9]
822 1048 [8]
822 1127 [1]
822 1565 [0]
822 1211 [1]
823 1175 [10]
823 887 [10]
823 1473 [3]
824 1043 [7]
825 1196 [8]
826 845 [4]
826 934 [11]
827 1381 [11]
827 1411 [11]
828 1541 [0]
828 1118 [2]
828 1067 [10]
828 936 [8]
829 1448 [11]
829 1318 [5]
830 1092 [4]
831 1092 [3]
831 893 [4]
831 1399 [6]
831 1366 [4]
832 1141 [7]
832 1244 [9]
832 1419 [5]
833 1347 [8]
833 989 [6]
834 1455 [1]
834 943 [9]
834 1471 [11]
835 1350 [4]
835 1291 [5]
835 1055 [10]
836 1268 [4]
836 1568 [6]
837 1450 [7]
839 938 [2]
839 1404 [10]
839 1372 [10]
839 1046 [8]
840 1333 [5]
840 1233 [6]
840 1203 [6]
841 1257 [5]
841 1460 [6]
841 1042 [6]
841 1211 [11]
842 852 [1]
842 1322 [3]
842 1092 [7]
843 1420 [3]
843 1042 [11]
844 1521 [4]
844 1557 [5]
845 1489 [7]
845 1484 [4]
846 1146 [9]
846 999 [11]
846 872 [3]
846 1424 [9]
847 960 [6]
848 1092 [10]
848 861 [8]
848 976 [9]
848 1228 [9]
850 1140 [0]
851 1200 [1]
851 864 [1]
851 1475 [4]
852 1022 [10]
853 1373 [9]
854 1299 [10]
855 937 [4]
856 1288 [3]
857 1204 [4]
857 1454 [1]
857 1031 [2]
858 1208 [3]
858 1478 [5]
858 1599 [6]
860 1054 [4]
860 1473 [8]
861 1195 [9]
861 1358 [2]
861 985 [11]
861 1488 [5]
861 1177 [6]
862 884 [2]
862 1089 [9]
862 1203 [5]
863 1345 [3]
864 1241 [9]
864 1022 [2]
865 1099 [0]
866 1095 [8]
867 987 [11]
867 1494 [9]
867 1247 [4]
868 974 [2]
868 950 [9]
868 900 [1]
869 969 [10]
869 1113 [1]
869 1078 [6]
869 963 [9]
869 1594 [8]
870 1327 [2]
870 1082 [3]
870 1444 [5]
870 1509 [11]
871 1506 [0]
872 995 [10]
872 891 [11]
872 1511 [11]
874 913 [7]
874 1313 [4]
875 1184 [7]
876 1019 [11]
876 1255 [0]
876 1356 [1]
876 1422 [11]
877 1353 [11]
878 1453 [0]
878 1183 [6]
878 1228 [3]
878 1356 [10]
879 891 [0]
879 1165 [6]
879 1153 [5]
879 1553 [0]
880 1009 [6]
880 1356 [3]
880 1388 [9]
881 1143 [8]
882 983 [10]
882 1522 [7]
882 1194 [11]
882 1242 [7]
882 1075 [8]
882 1193 [0]
883 1371 [9]
883 887 [0]
884 1217 [2]
885 912 [5]
885 1189 [4]
885 955 [9]
886 1195 [1]
886 1300 [2]
887 1444 [8]
887 1269 [8]
889 1512 [2]
890 1261 [7]
890 1549 [6]
890 956 [4]
891 1411 [3]
891 1341 [8]
892 1179 [2]
892 993 [3]
893 1210 [4]
893 1152 [7]
894 1176 [9]
894 1359 [4]
896 1564 [8]
897 1392 [10]
898 1566 [3]
898 1237 [10]
898 1099 [9]
898 1184 [7]
899 1214 [6]
899 1544 [11]
900 1075 [9]
901 1428 [3]
902 1071 [9]
902 1583 [11]
902 1397 [6]
903 943 [11]
903 1506 [8]
903 1217 [1]
905 935 [9]
906 1020 [4]
906 1213 [2]
906 1243 [8]
907 1179 [2]
907 1524 [9]
907 1317 [3]
907 1103 [4]
908 1458 [4]
908 1552 [10]
908 1188 [7]
909 1279 [1]
910 1491 [1]
910 1402 [8]
911 1044 [2]
912 1564 [9]
912 1002 [9]
912 1590 [7]
913 1583 [1]
913 1135 [1]
913 971 [4]
913 1071 [1]
914 1184 [3]
914 1548 [0]
915 1041 [6]
915 1440 [4]
916 1108 [0]
916 1562 [8]
917 1490 [4]
917 1286 [8]
918 1537 [7]
919 1166 [3]
919 1350 [4]
919 1479 [9]
920 1518 [0]
921 1134 [7]
921 1581 [10]
921 1534 [4]
922 1003 [5]
922 1036 [8]
922 979 [2]
924 1453 [0]
924 1221 [10]
924 940 [6]
925 1545 [5]
925 1222 [6]
926 1462 [7]
927 1308 [6]
927 929 [5]
927 1326 [9]
927 1114 [2]
928 1110 [8]
929 1379 [9]
929 1501 [9]
929 1116 [10]
931 1556 [3]
931 1517 [6]
931 1346 [9]
931 1559 [8]
932 1500 [3]
933 1365 [8]
933 1233 [4]
936 1319 [0]
936 1103 [4]
936 1377 [5]
937 1583 [9]
937 1049 [8]
937 1394 [1]
937 1369 [1]
938 1299 [10]
938 1332 [5]
939 1566 [10]
939 1114 [6]
939 996 [11]
939 1282 [7]
940 1424 [7]
940 1215 [2]
941 1163 [1]
942 1442 [8]
942 1258 [11]
943 1461 [3]
943 1503 [9]
943 984 [9]
943 950 [5]
944 1378 [3]
944 1032 [7]
944 1339 [9]
945 1059 [7]
946 1541 [3]
946 1410 [8]
946 1067 [7]
947 1280 [11]
947 1466 [2]
948 1549 [4]
948 1384 [11]
949 1124 [3]
949 1506 [2]
949 1208 [9]
949 1270 [8]
950 1372 [9]
950 1276 [11]
950 1105 [1]
951 1516 [5]
951 1391 [9]
951 1197 [3]
951 1119 [11]
951 1187 [6]
952 1569 [3]
952 1549 [11]
952 1164 [5]
953 1029 [10]
953 1358 [8]
953 1036 [8]
954 1491 [10]
955 982 [3]
956 1215 [10]
957 1119 [2]
957 1072 [7]
959 1448 [11]
959 1289 [8]
959 1362 [10]
959 1367 [1]
959 1058 [6]
960 969 [5]
960 1444 [6]
960 1146 [6]
961 1102 [5]
961 1049 [8]
961 1498 [4]
962 1516 [9]
963 1431 [1]
963 1581 [9]
963 1423 [4]
963 1120 [7]
964 1462 [0]
964 1117 [6]
965 1544 [10]
966 1514 [7]
966 976 [3]
966 1364 [4]
967 1453 [8]
968 1440 [10]
968 1571 [1]
969 1445 [6]
969 1415 [0]
969 1181 [1]
970 1256 [1]
970 1142 [4]
970 1233 [10]
971 988 [6]
971 1594 [9]
971 998 [7]
972 1595 [10]
972 1103 [5]
972 1576 [9]
972 1321 [5]
973 1091 [5]
975 1183 [7]
975 1293 [9]
975 1042 [7]
975 1513 [11]
976 981 [4]
976 1491 [8]
977 1255 [3]
977 1036 [8]
977 1511 [2]
977 1082 [11]
978 1003 [2]
978 1136 [7]
978 1114 [7]
979 1459 [5]
980 1517 [4]
980 1249 [9]
981 1409 [8]
981 1242 [3]
981 1197 [4]
982 1567 [6]
982 1570 [6]
983 1227 [9]
983 1302 [7]
984 1247 [4]
984 1208 [10]
984 1529 [9]
985 1340 [6]
985 1325 [9]
986 1390 [7]
986 1135 [8]
986 1096 [7]
987 1044 [2]
987 1137 [7]
987 1079 [11]
988 1244 [9]
988 992 [10]
988 1150 [11]
989 1358 [11]
990 1314 [11]
990 1317 [11]
990 1094 [5]
990 1141 [5]
991 1116 [2]
991 1059 [2]
991 1337 [1]
992 1006 [10]
993 1105 [8]
993 1257 [2]
994 998 [4]
995 1483 [2]
995 1393 [2]
995 1519 [11]
995 1307 [0]
996 1180 [4]
997 1511 [7]
997 1078 [6]
998 1210 [0]
998 1111 [2]
998 1045 [11]
999 1356 [4]
1000 1328 [0]
1000 1557 [11]
1000 1553 [2]
1001 1598 [1]
1002 1362 [6]
1003 1020 [8]
1004 1420 [1]
1005 1557 [6]
1005 1035 [1]
1006 1474 [3]
1006 1356 [11]
1007 1111 [2]
1007 1208 [11]
1007 1294 [11]
1007 1493 [6]
1008 1517 [6]
1008 1316 [6]
1009 1166 [4]
1010 1363 [0]
1012 1149 [4]
1012 1101 [8]
1012 1442 [10]
1012 1223 [9]
1013 1432 [7]
1013 1496 [3]
1015 1420 [6]
1016 1416 [7]
1017 1380 [10]
1018 1408 [0]
1019 1149 [1]
1019 1362 [6]
1020 1213 [6]
1020 1111 [4]
1020 1186 [10]
1021 1352 [11]
1023 1585 [10]
1024 1121 [1]
1024 1131 [11]
1024 1215 [3]
1024 1592 [6]
1024 1381 [7]
1025 1358 [8]
1025 1173 [5]
1025 1270 [4]
1026 1366 [10]
1026 1539 [4]
1027 1595 [0]
1028 1459 [0]
1029 1306 [1]
1029 1464 [8]
1030 1233 [8]
1030 1181 [9]
1030 1444 [1]
1031 1097 [6]
1032 1518 [4]
1032 1291 [9]
1032 1108 [4]
1032 1575 [3]
1032 1235 [5]
1033 1134 [11]
1034 1183 [6]
1034 1160 [1]
1035 1348 [5]
1035 1204 [0]
1035 1308 [10]
1036 1480 [9]
1036 1112 [2]
1037 1487 [9]
1038 1210 [2]
1040 1244 [1]
1041 1152 [0]
1041 1465 [11]
1042 1215 [0]
1042 1321 [2]
1042 1220 [2]
1042 1324 [9]
1043 1065 [9]
1044 1082 [4]
1045 1547 [2]
1045 1400 [11]
1045 1453 [3]
1047 1319 [3]
1048 1252 [11]
1048 1269 [7]
1049 1306 [8]
1049 1166 [10]
1050 1564 [11]
1050 1222 [2]
1051 1228 [3]
1051 1230 [7]
1051 1279 [3]
1051 1550 [1]
1052 1078 [2]
1052 1273 [11]
1053 1363 [2]
1054 1341 [6]
1054 1165 [10]
1055 1544 [8]
1055 1283 [11]
1055 1142 [10]
1057 1154 [2]
1057 1204 [5]
1058 1507 [7]
1058 1271 [1]
1058 1320 [5]
1058 1349 [9]
1060 1559 [2]
1061 1363 [9]
1062 1323 [4]
1063 1549 [8]
1063 1577 [7]
1063 1430 [4]
1063 1106 [11]
1064 1106 [7]
1064 1457 [10]
1064 1117 [9]
1064 1365 [11]
1064 1417 [7]
1067 1138 [3]
1069 1187 [10]
1069 1551 [3]
1070 1272 [9]
1070 1567 [1]
1070 1360 [8]
1070 1403 [5]
1071 1162 [10]
1071 1598 [0]
1073 1379 [0]
1073 1524 [9]
1073 1264 [6]
1074 1540 [2]
1075 1446 [6]
1075 1137 [6]
1075 1200 [7]
1075 1301 [4]
1076 1585 [8]
1076 1408 [1]
1076 1168 [8]
1077 1535 [5]
1077 1347 [8]
1078 1527 [2]
1079 1588 [11]
1080 1337 [3]
1081 1214 [11]
1082 1145 [6]
1082 1469 [5]
1084 1266 [5]
1085 1522 [11]
1086 1118 [7]
1086 1590 [4]
1087 1318 [10]
1088 1326 [8]
1088 1432 [4]
1088 1435 [3]
1088 1429 [1]
1089 1361 [0]
1090 1143 [5]
1091 1548 [10]
1092 1556 [4]
1092 1473 [9]
1093 1195 [3]
1095 1298 [1]
1095 1122 [2]
1095 1404 [8]
1097 1430 [0]
1097 1574 [8]
1098 1585 [7]
1098 1360 [3]
1098 1305 [1]
1099 1509 [9]
1099 1256 [10]
1099 1305 [2]
1100 1359 [9]
1103 1164 [10]
1103 1471 [7]
1103 1320 [7]
1105 1469 [11]
1105 1319 [1]
1105 1471 [4]
1106 1240 [10]
1106 1528 [5]
1107 1113 [6]
1107 1211 [2]
1107 1173 [1]
1108 1408 [7]
1108 1157 [8]
1108 1170 [5]
1109 1573 [1]
1110 1195 [7]
1110 1419 [8]
1111 1382 [0]
1111 1136 [9]
1111 1537 [3]
1111 1563 [3]
1112 1301 [4]
1112 1293 [4]
1112 1403 [6]
1114 1161 [3]
1115 1233 [5]
1116 1397 [3]
1117 1241 [0]
1117 1469 [6]
1117 1184 [10]
1117 1474 [8]
1118 1370 [8]
1119 1388 [4]
1119 1278 [9]
1120 1145 [1]
1121 1290 [4]
1122 1401 [6]
1123 1132 [3]
1123 1254 [4]
1124 1311 [7]
1124 1523 [8]
1124 1540 [3]
1124 1422 [5]
1125 1470 [4]
1127 1261 [3]
1127 1382 [2]
1129 1398 [4]
1130 1523 [8]
1131 1580 [7]
1131 1181 [10]
1133 1369 [6]
1135 1219 [2]
1136 1377 [5]
1136 1334 [0]
1136 1516 [6]
1136 1166 [6]
1136 1186 [5]
1137 1162 [1]
1137 1474 [7]
1137 1348 [7]
1138 1575 [5]
1139 1566 [1]
1139 1256 [0]
1140 1511 [11]
1140 1529 [5]
1141 1253 [8]
1144 1321 [1]
1145 1440 [5]
1146 1439 [10]
1146 1538 [5]
1147 1294 [3]
1147 1547 [3]
1148 1592 [2]
1148 1332 [11]
1150 1242 [7]
1151 1302 [10]
1151 1205 [1]
1152 1360 [8]
1154 1433 [4]
1154 1390 [10]
1155 1217 [8]
1156 1342 [10]
1157 1186 [10]
1158 1515 [3]
1159 1213 [8]
1159 1331 [6]
1160 1575 [10]
1160 1410 [10]
1162 1347 [5]
1163 1459 [7]
1163 1494 [4]
1163 1419 [5]
1164 1396 [8]
1164 1516 [3]
1165 1558 [8]
1168 1197 [2]
1168 1409 [10]
1168 1515 [1]
1173 1273 [3]
1173 1479 [3]
1173 1177 [4]
1173 1314 [11]
1174 1435 [5]
1174 1549 [7]
1174 1498 [5]
1175 1437 [0]
1175 1240 [8]
1175 1465 [2]
1176 1400 [11]
1179 1439 [3]
1181 1586 [9]
1181 1219 [2]
1181 1476 [10]
1183 1574 [2]
1183 1482 [10]
1185 1481 [2]
1185 1446 [2]
1185 1574 [1]
1185 1264 [8]
1186 1477 [4]
1187 1262 [8]
1188 1488 [11]
1188 1231 [2]
1188 1248 [11]
1190 1347 [8]
1191 1407 [4]
1191 1358 [11]
1191 1290 [5]
1192 1363 [6]
1194 1441 [2]
1194 1531 [2]
1195 1304 [1]
1196 1459 [7]
1197 1490 [5]
1197 1460 [0]
1197 1318 [1]
1198 1329 [4]
1198 1258 [9]
1199 1498 [8]
1199 1480 [11]
1200 1304 [7]
1202 1283 [6]
1202 1329 [7]
1204 1596 [5]
1204 1524 [2]
1204 1471 [8]
1205 1321 [5]
1206 1220 [9]
1207 1570 [4]
1208 1275 [3]
1209 1237 [9]
1210 1346 [2]
1213 1251 [5]
1215 1371 [10]
1215 1338 [8]
1216 1421 [9]
1220 1449 [9]
1221 1366 [11]
1222 1228 [9]
1222 1344 [8]
1223 1426 [2]
1223 1259 [2]
1223 1379 [10]
1225 1263 [8]
1225 1337 [5]
1225 1597 [3]
1226 1434 [11]
1227 1515 [4]
1227 1563 [4]
1229 1432 [11]
1229 1440 [10]
1230 1296 [2]
1231 1442 [6]
1232 1242 [7]
1232 1392 [2]
1234 1351 [5]
1235 1338 [10]
1237 1299 [11]
1237 1436 [0]
1238 1368 [9]
1238 1496 [10]
1239 1575 [2]
1239 1301 [11]
1239 1560 [3]
1242 1244 [8]
1242 1539 [3]
1242 1578 [3]
1245 1331 [6]
1247 1249 [3]
1247 1374 [9]
1247 1503 [7]
1248 1286 [3]
1249 1455 [1]
1249 1456 [1]
1250 1448 [5]
1252 1486 [8]
1255 1306 [4]
1255 1538 [8]
1256 1527 [7]
1257 1365 [3]
1257 1489 [0]
1257 1494 [0]
1257 1478 [7]
1257 1309 [2]
1258 1503 [0]
1258 1421 [0]
1260 1514 [6]
1261 1322 [8]
1261 1345 [9]
1262 1466 [0]
1263 1485 [3]
1263 1333 [1]
1263 1303 [11]
1263 1486 [3]
1263 1291 [4]
1264 1310 [2]
1266 1569 [2]
1267 1275 [7]
1268 1593 [3]
1269 1303 [11]
1270 1319 [6]
1270 1509 [6]
1270 1465 [11]
1272 1322 [6]
1276 1326 [3]
1276 1420 [4]
1276 1427 [9]
1276 1479 [4]
1277 1407 [10]
1277 1552 [10]
1277 1469 [10]
1277 1376 [0]
1278 1350 [4]
1279 1532 [10]
1280 1452 [2]
1280 1359 [0]
1280 1467 [9]
1280 1384 [6]
1280 1345 [8]
1281 1594 [1]
1282 1555 [0]
1282 1305 [9]
1283 1394 [9]
1283 1443 [7]
1283 1482 [1]
1284 1503 [1]
1284 1579 [3]
1284 1392 [5]
1284 1473 [10]
1286 1463 [4]
1288 1574 [3]
1289 1461 [3]
1290 1513 [6]
1291 1367 [6]
1291 1339 [3]
1292 1296 [5]
1293 1424 [9]
1295 1492 [1]
1296 1337 [10]
1297 1330 [9]
1297 1415 [5]
1298 1518 [7]
1299 1586 [1]
1299 1361 [6]
1301 1569 [5]
1301 1494 [1]
1302 1403 [9]
1302 1444 [11]
1305 1440 [9]
1306 1573 [8]
1312 1349 [11]
1313 1326 [7]
1314 1467 [9]
1316 1494 [4]
1319 1409 [11]
1322 1561 [7]
1322 1369 [3]
1325 1422 [10]
1326 1354 [8]
1327 1344 [3]
1329 1570 [4]
1330 1578 [4]
1332 1453 [0]
1334 1410 [6]
1334 1421 [7]
1337 1458 [0]
1345 1553 [2]
1349 1398 [4]
1351 1397 [3]
1352 1530 [10]
1354 1445 [10]
1356 1366 [2]
1356 1576 [10]
1357 1547 [7]
1362 1532 [1]
1364 1388 [4]
1365 1436 [10]
1365 1593 [7]
1370 1566 [5]
1370 1503 [4]
1372 1538 [7]
1377 1586 [3]
1377 1525 [10]
1379 1423 [8]
1380 1554 [0]
1380 1571 [9]
1382 1491 [5]
1386 1487 [10]
1390 1573 [8]
1391 1486 [4]
1394 1539 [3]
1396 1530 [3]
1397 1466 [9]
1397 1465 [10]
1398 1492 [6]
1398 1562 [1]
1402 1577 [8]
1403 1592 [10]
1405 1561 [8]
1408 1456 [11]
1411 1531 [11]
1411 1524 [11]
1413 1565 [3]
1425 1565 [3]
1430 1516 [1]
1434 1532 [0]
1436 1521 [9]
1439 1459 [8]
1441 1596 [4]
1442 1546 [10]
1448 1486 [1]
1448 1598 [11]
1449 1564 [1]
1450 1461 [8]
1453 1488 [3]
1454 1576 [10]
1454 1529 [0]
1458 1582 [10]
1459 1540 [10]
1459 1466 [11]
1461 1497 [6]
1462 1522 [4]
1470 1543 [5]
1473 1517 [11]
1478 1559 [1]
1484 1522 [3]
1485 1508 [0]
1499 1572 [4]
1508 1516 [11]
1511 1531 [2]
1513 1574 [1]
1518 1519 [6]
1540 1551 [11]
1541 1576 [3]
1563 1583 [5]
1565 1579 [10]
1572 1593 [10]
