128
6
0
1
2
3
4
5
6
7
8
9
10
11
12
13
14
15
16
17
18
19
20
21
22
23
24
25
26
27
28
29
30
31
32
33
34
35
36
37
38
39
40
41
42
43
44
45
46
47
48
49
50
51
52
53
54
55
56
57
58
59
60
61
62
63
64
65
66
67
68
69
70
71
72
73
74
75
76
77
78
79
80
81
82
83
84
85
86
87
88
89
90
91
92
93
94
95
96
97
98
99
100
101
102
103
104
105
106
107
108
109
110
111
112
113
114
115
116
117
118
119
120
121
122
123
124
125
126
127
0 35 [4]
0 40 [4]
0 106 [5]
0 110 [5]
0 14 [1]
0 107 [5]
0 122 [4]
1 97 [5]
1 41 [4]
1 115 [3]
1 66 [0]
1 3 [3]
1 67 [0]
1 93 [5]
2 38 [4]
2 79 [0]
2 24 [1]
2 51 [2]
2 99 [5]
2 98 [5]
2 16 [1]
3 59 [2]
3 94 [5]
3 27 [4]
3 39 [4]
3 64 [0]
3 54 [2]
4 113 [3]
4 67 [0]
4 93 [5]
4 84 [5]
4 99 [5]
4 16 [1]
4 56 [2]
5 33 [4]
5 41 [2]
5 102 [5]
5 103 [5]
5 49 [2]
5 67 [0]
5 84 [5]
6 117 [3]
6 66 [0]
6 57 [0]
6 24 [1]
6 93 [5]
6 13 [1]
6 16 [1]
7 90 [5]
7 27 [4]
7 48 [2]
7 123 [3]
7 22 [4]
7 64 [0]
7 77 [5]
8 106 [3]
8 14 [1]
8 33 [4]
8 118 [3]
8 75 [5]
8 23 [4]
8 103 [3]
9 47 [2]
9 126 [2]
9 58 [0]
9 28 [4]
9 78 [5]
9 63 [0]
9 15 [1]
10 124 [3]
10 96 [5]
10 31 [4]
10 52 [2]
10 72 [5]
10 45 [2]
10 34 [4]
11 80 [5]
11 124 [3]
11 112 [3]
11 69 [0]
11 17 [4]
11 70 [0]
11 34 [4]
12 32 [4]
12 58 [0]
12 82 [5]
12 38 [2]
12 63 [0]
12 113 [3]
12 99 [3]
13 19 [4]
13 39 [2]
13 72 [5]
13 45 [2]
13 54 [0]
13 125 [1]
14 95 [5]
14 80 [5]
14 116 [3]
14 112 [3]
14 61 [0]
15 27 [4]
15 52 [0]
15 101 [3]
15 45 [2]
15 54 [0]
15 77 [5]
16 73 [5]
16 44 [2]
16 55 [0]
16 125 [1]
17 118 [3]
17 108 [3]
17 23 [0]
17 89 [5]
17 105 [3]
17 68 [5]
18 35 [2]
18 107 [3]
18 126 [1]
18 36 [2]
18 58 [0]
18 82 [5]
18 104 [3]
19 85 [5]
19 108 [3]
19 28 [4]
19 117 [1]
19 78 [5]
19 105 [3]
20 35 [2]
20 106 [3]
20 87 [3]
20 97 [3]
20 33 [2]
20 36 [2]
20 41 [2]
21 30 [2]
21 127 [1]
21 96 [3]
21 94 [3]
21 27 [4]
21 48 [0]
21 52 [0]
22 100 [3]
22 25 [4]
22 121 [1]
22 79 [5]
22 29 [2]
22 98 [3]
23 88 [3]
23 112 [1]
23 60 [5]
23 73 [5]
23 55 [0]
24 111 [1]
24 42 [0]
24 31 [2]
24 101 [3]
24 45 [0]
25 119 [1]
25 96 [3]
25 42 [0]
25 27 [4]
25 39 [0]
25 45 [0]
26 89 [3]
26 49 [0]
26 76 [5]
26 65 [5]
26 84 [3]
26 68 [5]
26 56 [5]
27 47 [0]
27 115 [1]
28 119 [1]
28 124 [1]
28 111 [1]
28 70 [5]
28 45 [0]
29 46 [0]
29 39 [0]
29 43 [0]
29 44 [0]
29 64 [5]
29 125 [1]
30 35 [0]
30 40 [0]
30 87 [3]
30 47 [0]
30 92 [3]
30 126 [1]
31 107 [1]
31 122 [1]
31 104 [1]
31 57 [5]
31 51 [5]
32 71 [5]
32 95 [3]
32 116 [1]
32 90 [3]
32 120 [1]
32 123 [1]
33 95 [3]
33 91 [3]
33 120 [1]
33 60 [5]
34 121 [4]
34 51 [5]
34 65 [5]
34 68 [5]
34 98 [3]
35 71 [5]
35 95 [3]
35 127 [4]
36 88 [3]
36 50 [5]
36 114 [1]
36 60 [5]
36 83 [3]
37 40 [5]
37 106 [1]
37 87 [3]
37 85 [3]
37 118 [1]
37 108 [1]
37 81 [3]
38 116 [1]
38 111 [1]
38 112 [1]
38 70 [3]
38 73 [3]
39 85 [3]
39 81 [3]
39 66 [3]
40 119 [4]
40 80 [3]
40 124 [4]
40 96 [4]
41 127 [4]
41 74 [3]
41 94 [4]
41 83 [3]
42 110 [1]
42 122 [4]
42 115 [1]
42 66 [3]
42 79 [3]
43 118 [4]
43 81 [3]
43 121 [4]
43 103 [1]
43 49 [5]
43 68 [3]
44 75 [3]
44 66 [3]
44 103 [1]
44 79 [3]
44 67 [3]
45 98 [1]
46 85 [4]
46 118 [4]
46 100 [1]
46 75 [3]
46 86 [4]
46 105 [1]
47 71 [3]
47 119 [4]
47 59 [5]
47 90 [4]
48 92 [4]
48 102 [1]
48 121 [4]
48 49 [0]
48 65 [3]
49 91 [4]
49 94 [4]
49 64 [3]
50 87 [4]
50 126 [2]
50 108 [1]
50 78 [4]
50 89 [4]
50 76 [4]
51 112 [2]
51 61 [3]
51 53 [5]
51 55 [5]
52 126 [2]
52 104 [1]
52 76 [4]
52 65 [3]
53 82 [4]
53 102 [1]
53 104 [1]
53 65 [3]
53 84 [4]
53 99 [1]
54 78 [4]
54 76 [4]
54 93 [1]
54 56 [3]
55 103 [1]
55 57 [0]
55 84 [4]
55 68 [4]
56 62 [3]
56 64 [3]
56 77 [4]
56 125 [2]
57 88 [1]
57 74 [4]
57 83 [4]
57 72 [4]
58 71 [4]
58 111 [2]
58 114 [2]
58 101 [1]
59 87 [1]
59 97 [1]
59 85 [1]
59 86 [1]
59 78 [4]
60 82 [1]
60 89 [1]
60 113 [2]
60 84 [1]
61 122 [2]
61 102 [2]
61 121 [2]
61 103 [2]
61 79 [1]
62 86 [1]
62 78 [1]
62 89 [1]
62 63 [3]
62 113 [2]
62 105 [2]
63 90 [1]
63 69 [2]
63 70 [2]
63 77 [1]
64 86 [1]
64 67 [2]
65 69 [1]
65 77 [1]
66 109 [2]
66 74 [4]
67 120 [0]
67 123 [0]
68 72 [3]
68 125 [0]
69 92 [1]
69 126 [0]
69 82 [1]
69 89 [1]
70 100 [2]
70 105 [2]
70 98 [2]
71 110 [2]
71 97 [2]
71 115 [0]
72 108 [2]
72 81 [1]
72 76 [1]
73 75 [5]
73 117 [0]
73 113 [0]
73 105 [2]
74 106 [2]
74 122 [0]
74 81 [2]
74 103 [2]
75 109 [0]
75 116 [0]
75 120 [0]
76 94 [2]
76 83 [4]
77 99 [2]
77 98 [2]
78 114 [0]
79 116 [0]
79 123 [0]
80 92 [2]
80 118 [0]
80 100 [2]
80 121 [0]
81 96 [2]
81 94 [2]
82 95 [2]
82 112 [0]
83 104 [0]
83 93 [2]
83 84 [0]
85 119 [0]
85 109 [0]
86 91 [2]
86 90 [5]
86 120 [0]
87 91 [2]
87 94 [2]
88 106 [0]
88 107 [0]
88 108 [0]
88 117 [0]
89 91 [2]
90 92 [0]
90 100 [0]
91 92 [0]
91 118 [4]
92 95 [0]
93 114 [4]
93 101 [0]
95 102 [0]
96 122 [4]
96 121 [4]
97 109 [4]
97 120 [4]
97 114 [4]
98 125 [5]
99 123 [5]
99 101 [5]
100 119 [4]
100 116 [4]
101 115 [4]
101 104 [4]
102 127 [5]
102 123 [5]
104 127 [5]
105 125 [5]
106 109 [2]
107 124 [5]
107 111 [4]
107 112 [4]
108 124 [5]
109 110 [0]
109 117 [5]
110 119 [5]
110 116 [5]
110 111 [0]
111 117 [5]
113 120 [2]
113 114 [0]
114 117 [2]
115 127 [3]
115 123 [3]
122 127 [4]
124 126 [4]
